,seq,filename,class,prob,width,height,xmin,ymin,xmax,ymax
0,0,OD-d3534611-5edb-456b-a13c-af3bfad64c31.1.png,Macula,0.9920288,640,480,140,256,243,358
1,1,OS-d3534611-5edb-456b-a13c-af3bfad64c31.17.png,Macula,0.9638906,640,480,307,230,409,332
2,2,OS-d3534611-5edb-456b-a13c-af3bfad64c31.18.png,OpticDisk,0.9993149,640,480,12,192,76,256
3,3,OS-d3534611-5edb-456b-a13c-af3bfad64c31.18.png,Macula,0.8018904,640,480,217,217,320,320
4,4,OS-d3534611-5edb-456b-a13c-af3bfad64c31.22.png,Macula,0.8383471,640,480,268,332,371,435
5,5,OD-1fe9f3a2-56c9-47f4-a300-bfb0b46e324e.11.png,Macula,0.99854726,640,480,332,102,435,204
6,6,OD-1fe9f3a2-56c9-47f4-a300-bfb0b46e324e.8.png,Macula,0.99875104,640,480,332,179,435,281
9,9,OS-1fe9f3a2-56c9-47f4-a300-bfb0b46e324e.26.png,Macula,0.83385104,640,480,243,217,345,320
10,10,OS-1fe9f3a2-56c9-47f4-a300-bfb0b46e324e.26.png,OpticDisk,0.94950306,640,480,89,230,166,320
11,11,OD-1b427822-01a1-4e4f-ab14-7069719ce2a5.1.png,Macula,0.9986093,640,480,179,140,281,243
12,12,OD-1b427822-01a1-4e4f-ab14-7069719ce2a5.1.png,OpticDisk,0.90825397,640,480,384,153,460,230
13,13,OD-1b427822-01a1-4e4f-ab14-7069719ce2a5.10.png,Macula,0.9764583,640,480,422,230,524,332
17,17,OD-1b427822-01a1-4e4f-ab14-7069719ce2a5.11.png,Macula,0.9473619,640,480,332,166,435,268
18,18,OD-1b427822-01a1-4e4f-ab14-7069719ce2a5.11.png,OpticDisk,0.85724294,640,480,550,192,627,268
19,19,OD-1b427822-01a1-4e4f-ab14-7069719ce2a5.12.png,Macula,0.99045557,640,480,128,102,230,204
24,24,OD-1b427822-01a1-4e4f-ab14-7069719ce2a5.2.png,OpticDisk,0.95363325,640,480,563,268,627,345
27,27,OD-1b427822-01a1-4e4f-ab14-7069719ce2a5.2.png,Macula,0.92043996,640,480,371,268,473,371
29,29,OD-1b427822-01a1-4e4f-ab14-7069719ce2a5.3.png,Macula,0.98158354,640,480,281,0,486,102
34,34,OD-1b427822-01a1-4e4f-ab14-7069719ce2a5.4.png,Macula,0.918919,640,480,307,320,409,422
35,35,OD-1b427822-01a1-4e4f-ab14-7069719ce2a5.4.png,OpticDisk,0.8299045,640,480,512,358,588,435
36,36,OD-1b427822-01a1-4e4f-ab14-7069719ce2a5.5.png,OpticDisk,0.974331,640,480,115,256,192,332
39,39,OD-1b427822-01a1-4e4f-ab14-7069719ce2a5.6.png,OpticDisk,0.9977848,640,480,192,38,256,115
40,40,OD-1b427822-01a1-4e4f-ab14-7069719ce2a5.7.png,Macula,0.9619533,640,480,243,102,345,204
41,41,OD-1b427822-01a1-4e4f-ab14-7069719ce2a5.9.png,Macula,0.99655306,640,480,409,102,512,204
45,45,OS-1b427822-01a1-4e4f-ab14-7069719ce2a5.13.png,OpticDisk,0.85231483,640,480,217,166,294,256
46,46,OS-1b427822-01a1-4e4f-ab14-7069719ce2a5.13.png,Macula,0.93351316,640,480,371,166,473,268
50,50,OS-1b427822-01a1-4e4f-ab14-7069719ce2a5.14.png,OpticDisk,0.9976821,640,480,38,204,115,281
51,51,OS-1b427822-01a1-4e4f-ab14-7069719ce2a5.15.png,Macula,0.9925109,640,480,243,268,345,371
53,53,OS-1b427822-01a1-4e4f-ab14-7069719ce2a5.16.png,OpticDisk,0.9861314,640,480,166,371,243,448
54,54,OS-1b427822-01a1-4e4f-ab14-7069719ce2a5.17.png,OpticDisk,0.8725663,640,480,332,332,409,409
55,55,OS-1b427822-01a1-4e4f-ab14-7069719ce2a5.18.png,OpticDisk,0.96089,640,480,512,192,601,281
57,57,OS-1b427822-01a1-4e4f-ab14-7069719ce2a5.19.png,OpticDisk,0.98342866,640,480,460,128,537,204
58,58,OS-1b427822-01a1-4e4f-ab14-7069719ce2a5.19.png,Macula,0.9494792,640,480,332,140,435,243
59,59,OS-1b427822-01a1-4e4f-ab14-7069719ce2a5.20.png,OpticDisk,0.97661793,640,480,486,115,563,192
61,61,OS-1b427822-01a1-4e4f-ab14-7069719ce2a5.21.png,OpticDisk,0.9209142,640,480,409,64,486,153
63,63,OS-1b427822-01a1-4e4f-ab14-7069719ce2a5.22.png,OpticDisk,0.9822219,640,480,256,89,332,166
64,64,OS-1b427822-01a1-4e4f-ab14-7069719ce2a5.22.png,Macula,0.9888891,640,480,409,102,512,204
65,65,OS-1b427822-01a1-4e4f-ab14-7069719ce2a5.23.png,OpticDisk,0.9347994,640,480,217,115,307,204
68,68,OS-1b427822-01a1-4e4f-ab14-7069719ce2a5.23.png,Macula,0.820243,640,480,409,25,512,128
69,69,OS-1b427822-01a1-4e4f-ab14-7069719ce2a5.24.png,OpticDisk,0.99212295,640,480,64,102,140,166
71,71,OS-1b427822-01a1-4e4f-ab14-7069719ce2a5.24.png,Macula,0.91945994,640,480,204,38,307,140
72,72,OD-39f77703-01fd-4a62-ae30-4157fefd7d3e.1.png,OpticDisk,0.98850703,640,480,409,115,486,192
74,74,OD-39f77703-01fd-4a62-ae30-4157fefd7d3e.2.png,OpticDisk,0.9969291,640,480,512,256,588,332
75,75,OD-39f77703-01fd-4a62-ae30-4157fefd7d3e.2.png,Macula,0.9956573,640,480,332,320,435,422
76,76,OD-39f77703-01fd-4a62-ae30-4157fefd7d3e.4.png,Macula,0.9801616,640,480,294,243,396,345
78,78,OD-39f77703-01fd-4a62-ae30-4157fefd7d3e.5.png,OpticDisk,0.9954085,640,480,371,64,448,140
79,79,OD-39f77703-01fd-4a62-ae30-4157fefd7d3e.5.png,Macula,0.9952461,640,480,192,76,294,179
80,80,OD-39f77703-01fd-4a62-ae30-4157fefd7d3e.6.png,OpticDisk,0.9889115,640,480,204,153,281,230
82,82,OD-39f77703-01fd-4a62-ae30-4157fefd7d3e.7.png,OpticDisk,0.99275714,640,480,140,230,217,307
83,83,OD-39f77703-01fd-4a62-ae30-4157fefd7d3e.7.png,Macula,0.8482691,640,480,243,307,345,409
84,84,OD-39f77703-01fd-4a62-ae30-4157fefd7d3e.8.png,OpticDisk,0.9950954,640,480,281,371,358,448
85,85,OD-39f77703-01fd-4a62-ae30-4157fefd7d3e.8.png,Macula,0.8538059,640,480,128,371,230,460
86,86,OD-39f77703-01fd-4a62-ae30-4157fefd7d3e.9.png,OpticDisk,0.88223183,640,480,371,371,460,460
87,87,OD-39f77703-01fd-4a62-ae30-4157fefd7d3e.9.png,Macula,0.9298708,640,480,217,371,320,460
91,91,OS-39f77703-01fd-4a62-ae30-4157fefd7d3e.10.png,OpticDisk,0.9637521,640,480,102,243,192,332
92,92,OS-39f77703-01fd-4a62-ae30-4157fefd7d3e.11.png,Macula,0.9891263,640,480,320,0,422,89
93,93,OS-39f77703-01fd-4a62-ae30-4157fefd7d3e.12.png,Macula,0.9976604,640,480,473,230,576,332
94,94,OS-39f77703-01fd-4a62-ae30-4157fefd7d3e.12.png,OpticDisk,0.98239833,640,480,307,217,384,294
95,95,OS-39f77703-01fd-4a62-ae30-4157fefd7d3e.13.png,OpticDisk,0.97184104,640,480,448,153,524,230
100,100,OS-39f77703-01fd-4a62-ae30-4157fefd7d3e.14.png,OpticDisk,0.95354813,640,480,51,256,128,332
101,101,OS-39f77703-01fd-4a62-ae30-4157fefd7d3e.15.png,OpticDisk,0.9949891,640,480,422,217,499,294
102,102,OD-f4063589-06a8-4ad4-a8bc-cfedf9d04487.1.png,OpticDisk,0.86055124,640,480,294,179,371,256
103,103,OD-f4063589-06a8-4ad4-a8bc-cfedf9d04487.1.png,Macula,0.92774755,640,480,166,217,268,320
105,105,OD-f4063589-06a8-4ad4-a8bc-cfedf9d04487.2.png,Macula,0.98471284,640,480,384,153,486,256
108,108,OD-f4063589-06a8-4ad4-a8bc-cfedf9d04487.2.png,OpticDisk,0.9880972,640,480,550,166,627,243
109,109,OD-f4063589-06a8-4ad4-a8bc-cfedf9d04487.3.png,OpticDisk,0.94572425,640,480,473,256,550,332
112,112,OD-f4063589-06a8-4ad4-a8bc-cfedf9d04487.4.png,OpticDisk,0.9968616,640,480,140,204,217,281
113,113,OS-f4063589-06a8-4ad4-a8bc-cfedf9d04487.5.png,Macula,0.99815124,640,480,345,179,448,281
117,117,OS-f4063589-06a8-4ad4-a8bc-cfedf9d04487.6.png,OpticDisk,0.9134854,640,480,51,256,140,345
121,121,OS-f4063589-06a8-4ad4-a8bc-cfedf9d04487.7.png,OpticDisk,0.98492926,640,480,204,243,281,320
122,122,OS-f4063589-06a8-4ad4-a8bc-cfedf9d04487.7.png,Macula,0.84904355,640,480,384,268,486,371
123,123,OD-2b61f72f-b11c-4827-a007-0ba5705ea438.1.png,OpticDisk,0.9713506,640,480,217,128,294,204
124,124,OD-2b61f72f-b11c-4827-a007-0ba5705ea438.10.png,Macula,0.93422675,640,480,371,0,473,89
126,126,OD-2b61f72f-b11c-4827-a007-0ba5705ea438.11.png,Macula,0.9555212,640,480,89,0,179,76
127,127,OD-2b61f72f-b11c-4827-a007-0ba5705ea438.11.png,OpticDisk,0.9800434,640,480,256,0,332,64
128,128,OD-2b61f72f-b11c-4827-a007-0ba5705ea438.12.png,Macula,0.95538753,640,480,243,0,345,76
129,129,OD-2b61f72f-b11c-4827-a007-0ba5705ea438.12.png,OpticDisk,0.97007936,640,480,396,25,473,102
130,130,OD-2b61f72f-b11c-4827-a007-0ba5705ea438.2.png,OpticDisk,0.9580317,640,480,204,115,294,204
131,131,OD-2b61f72f-b11c-4827-a007-0ba5705ea438.2.png,Macula,0.8532462,640,480,25,76,128,179
132,132,OD-2b61f72f-b11c-4827-a007-0ba5705ea438.3.png,Macula,0.99919254,640,480,115,153,217,256
133,133,OD-2b61f72f-b11c-4827-a007-0ba5705ea438.3.png,OpticDisk,0.9831239,640,480,243,140,320,217
134,134,OD-2b61f72f-b11c-4827-a007-0ba5705ea438.7.png,Macula,0.9172329,640,480,371,0,473,76
135,135,OD-2b61f72f-b11c-4827-a007-0ba5705ea438.8.png,OpticDisk,0.9750209,640,480,192,371,268,448
137,137,OD-2b61f72f-b11c-4827-a007-0ba5705ea438.9.png,OpticDisk,0.96194947,640,480,89,307,179,396
138,138,OS-2b61f72f-b11c-4827-a007-0ba5705ea438.13.png,Macula,0.9555084,640,480,422,179,524,281
140,140,OS-2b61f72f-b11c-4827-a007-0ba5705ea438.13.png,OpticDisk,0.98240775,640,480,153,204,230,281
141,141,OS-2b61f72f-b11c-4827-a007-0ba5705ea438.15.png,Macula,0.9885754,640,480,0,217,102,307
142,142,OS-2b61f72f-b11c-4827-a007-0ba5705ea438.16.png,Macula,0.82900107,640,480,76,204,166,294
143,143,OS-2b61f72f-b11c-4827-a007-0ba5705ea438.17.png,OpticDisk,0.9806429,640,480,38,358,115,435
146,146,OS-2b61f72f-b11c-4827-a007-0ba5705ea438.18.png,OpticDisk,0.9985655,640,480,102,140,179,217
148,148,OS-2b61f72f-b11c-4827-a007-0ba5705ea438.19.png,Macula,0.97154677,640,480,281,0,384,76
149,149,OS-2b61f72f-b11c-4827-a007-0ba5705ea438.19.png,OpticDisk,0.9382651,640,480,64,38,153,128
150,150,OD-3b9cde41-ad3c-4909-94b9-dc16ae8b6648.1.png,OpticDisk,0.99673176,640,480,371,192,448,268
151,151,OD-3b9cde41-ad3c-4909-94b9-dc16ae8b6648.1.png,Macula,0.8573282,640,480,230,230,332,332
152,152,OD-3b9cde41-ad3c-4909-94b9-dc16ae8b6648.10.png,OpticDisk,0.99423546,640,480,256,268,320,332
153,153,OD-3b9cde41-ad3c-4909-94b9-dc16ae8b6648.11.png,Macula,0.8621981,640,480,243,0,345,76
154,154,OD-3b9cde41-ad3c-4909-94b9-dc16ae8b6648.12.png,OpticDisk,0.92748386,640,480,409,192,486,268
155,155,OD-3b9cde41-ad3c-4909-94b9-dc16ae8b6648.2.png,Macula,0.91368324,640,480,371,192,473,294
156,156,OD-3b9cde41-ad3c-4909-94b9-dc16ae8b6648.4.png,Macula,0.9062,640,480,384,345,473,435
157,157,OD-3b9cde41-ad3c-4909-94b9-dc16ae8b6648.6.png,Macula,0.9303233,640,480,473,243,576,345
158,158,OS-3b9cde41-ad3c-4909-94b9-dc16ae8b6648.13.png,Macula,0.9990094,640,480,435,128,524,217
159,159,OS-3b9cde41-ad3c-4909-94b9-dc16ae8b6648.13.png,OpticDisk,0.98535407,640,480,307,128,371,192
160,160,OS-3b9cde41-ad3c-4909-94b9-dc16ae8b6648.14.png,Macula,0.999081,640,480,294,281,396,384
161,161,OS-3b9cde41-ad3c-4909-94b9-dc16ae8b6648.14.png,OpticDisk,0.9307847,640,480,179,281,256,358
162,162,OS-3b9cde41-ad3c-4909-94b9-dc16ae8b6648.15.png,Macula,0.8784401,640,480,153,268,256,371
164,164,OS-3b9cde41-ad3c-4909-94b9-dc16ae8b6648.19.png,Macula,0.9777371,640,480,217,230,320,332
167,167,OS-3b9cde41-ad3c-4909-94b9-dc16ae8b6648.20.png,OpticDisk,0.9982115,640,480,243,51,320,128
168,168,OS-3b9cde41-ad3c-4909-94b9-dc16ae8b6648.21.png,OpticDisk,0.98476493,640,480,409,128,486,204
169,169,OS-3b9cde41-ad3c-4909-94b9-dc16ae8b6648.22.png,OpticDisk,0.998102,640,480,345,332,422,396
170,170,OD-d21eae08-144c-455a-8442-9b80630282ec.1.png,Macula,0.8122498,640,480,102,0,192,64
171,171,OD-d21eae08-144c-455a-8442-9b80630282ec.1.png,OpticDisk,0.9991679,640,480,281,38,345,102
172,172,OD-d21eae08-144c-455a-8442-9b80630282ec.10.png,Macula,0.8618877,640,480,256,0,358,89
173,173,OD-d21eae08-144c-455a-8442-9b80630282ec.11.png,Macula,0.90641826,640,480,371,0,473,76
174,174,OD-d21eae08-144c-455a-8442-9b80630282ec.12.png,OpticDisk,0.99863976,640,480,115,192,179,256
175,175,OD-d21eae08-144c-455a-8442-9b80630282ec.13.png,OpticDisk,0.99254805,640,480,64,192,140,268
176,176,OD-d21eae08-144c-455a-8442-9b80630282ec.14.png,Macula,0.9883024,640,480,294,51,396,153
177,177,OD-d21eae08-144c-455a-8442-9b80630282ec.16.png,OpticDisk,0.9998609,640,480,422,179,486,243
178,178,OD-d21eae08-144c-455a-8442-9b80630282ec.16.png,Macula,0.9861908,640,480,243,243,345,345
180,180,OD-d21eae08-144c-455a-8442-9b80630282ec.17.png,OpticDisk,0.9978865,640,480,512,51,588,128
181,181,OD-d21eae08-144c-455a-8442-9b80630282ec.19.png,Macula,0.8637257,640,480,384,0,486,89
182,182,OD-d21eae08-144c-455a-8442-9b80630282ec.2.png,OpticDisk,0.9915884,640,480,537,89,614,166
184,184,OD-d21eae08-144c-455a-8442-9b80630282ec.2.png,Macula,0.89846903,640,480,345,89,448,192
186,186,OD-d21eae08-144c-455a-8442-9b80630282ec.20.png,Macula,0.9488725,640,480,320,345,422,448
188,188,OD-d21eae08-144c-455a-8442-9b80630282ec.22.png,OpticDisk,0.9995976,640,480,460,89,524,153
189,189,OD-d21eae08-144c-455a-8442-9b80630282ec.22.png,Macula,0.9761213,640,480,307,153,409,256
190,190,OD-d21eae08-144c-455a-8442-9b80630282ec.23.png,Macula,0.8171036,640,480,332,153,422,243
191,191,OD-d21eae08-144c-455a-8442-9b80630282ec.24.png,Macula,0.9942326,640,480,76,166,179,268
193,193,OD-d21eae08-144c-455a-8442-9b80630282ec.24.png,OpticDisk,0.9877916,640,480,320,102,396,179
194,194,OD-d21eae08-144c-455a-8442-9b80630282ec.3.png,Macula,0.9815341,640,480,345,89,448,192
195,195,OD-d21eae08-144c-455a-8442-9b80630282ec.4.png,Macula,0.9951994,640,480,345,102,448,204
197,197,OD-d21eae08-144c-455a-8442-9b80630282ec.5.png,Macula,0.9954997,640,480,435,153,537,256
199,199,OD-d21eae08-144c-455a-8442-9b80630282ec.6.png,Macula,0.9911636,640,480,358,192,460,294
202,202,OD-d21eae08-144c-455a-8442-9b80630282ec.7.png,Macula,0.85018826,640,480,307,345,409,448
203,203,OD-d21eae08-144c-455a-8442-9b80630282ec.8.png,Macula,0.83515847,640,480,230,89,332,192
204,204,OS-d21eae08-144c-455a-8442-9b80630282ec.25.png,OpticDisk,0.96973914,640,480,140,268,230,358
205,205,OS-d21eae08-144c-455a-8442-9b80630282ec.26.png,Macula,0.8783453,640,480,0,281,89,371
207,207,OS-d21eae08-144c-455a-8442-9b80630282ec.27.png,Macula,0.9865173,640,480,166,294,268,396
208,208,OS-d21eae08-144c-455a-8442-9b80630282ec.28.png,Macula,0.99408346,640,480,192,358,294,460
209,209,OS-d21eae08-144c-455a-8442-9b80630282ec.29.png,Macula,0.95675033,640,480,192,371,294,460
210,210,OS-d21eae08-144c-455a-8442-9b80630282ec.31.png,Macula,0.8155148,640,480,140,217,243,320
211,211,OS-d21eae08-144c-455a-8442-9b80630282ec.33.png,Macula,0.8048796,640,480,217,0,320,89
212,212,OS-d21eae08-144c-455a-8442-9b80630282ec.34.png,Macula,0.91656166,640,480,243,0,345,89
213,213,OS-d21eae08-144c-455a-8442-9b80630282ec.35.png,Macula,0.9955101,640,480,243,307,345,409
215,215,OS-d21eae08-144c-455a-8442-9b80630282ec.36.png,Macula,0.897882,640,480,256,345,358,448
218,218,OS-d21eae08-144c-455a-8442-9b80630282ec.37.png,Macula,0.96178734,640,480,268,371,371,460
220,220,OS-d21eae08-144c-455a-8442-9b80630282ec.38.png,Macula,0.97197074,640,480,153,38,256,140
221,221,OS-d21eae08-144c-455a-8442-9b80630282ec.39.png,Macula,0.92141294,640,480,153,0,256,102
222,222,OS-d21eae08-144c-455a-8442-9b80630282ec.42.png,Macula,0.9986432,640,480,448,115,550,217
223,223,OS-d21eae08-144c-455a-8442-9b80630282ec.42.png,OpticDisk,0.8364959,640,480,268,179,358,268
224,224,OS-d21eae08-144c-455a-8442-9b80630282ec.43.png,Macula,0.90537345,640,480,320,0,499,76
225,225,OS-d21eae08-144c-455a-8442-9b80630282ec.43.png,OpticDisk,0.971629,640,480,153,51,230,128
226,226,OS-d21eae08-144c-455a-8442-9b80630282ec.44.png,Macula,0.9800401,640,480,256,0,358,89
227,227,OS-d21eae08-144c-455a-8442-9b80630282ec.45.png,Macula,0.9820518,640,480,140,0,243,89
228,228,OS-d21eae08-144c-455a-8442-9b80630282ec.47.png,OpticDisk,0.9980203,640,480,153,76,230,153
229,229,OS-d21eae08-144c-455a-8442-9b80630282ec.48.png,Macula,0.99887055,640,480,307,128,409,230
231,231,OS-d21eae08-144c-455a-8442-9b80630282ec.48.png,OpticDisk,0.91320896,640,480,140,179,217,256
232,232,OS-d21eae08-144c-455a-8442-9b80630282ec.50.png,Macula,0.99169344,640,480,243,179,345,281
233,233,OS-d21eae08-144c-455a-8442-9b80630282ec.51.png,Macula,0.9978243,640,480,192,179,294,281
235,235,OS-d21eae08-144c-455a-8442-9b80630282ec.51.png,OpticDisk,0.99795353,640,480,51,230,128,307
236,236,OD-ad5a8198-26b2-4e14-a6dd-d723d8088a31.1.png,Macula,0.99366075,640,480,115,153,217,256
237,237,OD-ad5a8198-26b2-4e14-a6dd-d723d8088a31.1.png,OpticDisk,0.9979893,640,480,281,153,358,230
238,238,OD-ad5a8198-26b2-4e14-a6dd-d723d8088a31.2.png,Macula,0.96176803,640,480,435,64,537,166
239,239,OD-ad5a8198-26b2-4e14-a6dd-d723d8088a31.6.png,Macula,0.9984837,640,480,281,76,384,179
240,240,OD-ad5a8198-26b2-4e14-a6dd-d723d8088a31.6.png,OpticDisk,0.9458052,640,480,448,76,524,153
241,241,OD-ad5a8198-26b2-4e14-a6dd-d723d8088a31.7.png,OpticDisk,0.9967997,640,480,256,140,332,204
242,242,OD-ad5a8198-26b2-4e14-a6dd-d723d8088a31.8.png,OpticDisk,0.9900989,640,480,115,179,192,256
243,243,OS-ad5a8198-26b2-4e14-a6dd-d723d8088a31.10.png,OpticDisk,0.9965145,640,480,12,217,89,294
244,244,OS-ad5a8198-26b2-4e14-a6dd-d723d8088a31.10.png,Macula,0.9977582,640,480,140,179,243,281
247,247,OS-ad5a8198-26b2-4e14-a6dd-d723d8088a31.11.png,Macula,0.9036259,640,480,230,179,332,281
248,248,OS-ad5a8198-26b2-4e14-a6dd-d723d8088a31.11.png,OpticDisk,0.9913066,640,480,0,204,76,281
249,249,OS-ad5a8198-26b2-4e14-a6dd-d723d8088a31.12.png,OpticDisk,0.99550676,640,480,12,332,89,409
254,254,OS-ad5a8198-26b2-4e14-a6dd-d723d8088a31.13.png,OpticDisk,0.9992561,640,480,0,294,76,371
255,255,OS-ad5a8198-26b2-4e14-a6dd-d723d8088a31.13.png,Macula,0.9849819,640,480,140,256,243,358
257,257,OS-ad5a8198-26b2-4e14-a6dd-d723d8088a31.14.png,Macula,0.9897323,640,480,345,166,448,268
259,259,OS-ad5a8198-26b2-4e14-a6dd-d723d8088a31.15.png,OpticDisk,0.9986412,640,480,25,89,102,166
261,261,OS-ad5a8198-26b2-4e14-a6dd-d723d8088a31.15.png,Macula,0.8801972,640,480,243,76,345,179
263,263,OS-ad5a8198-26b2-4e14-a6dd-d723d8088a31.16.png,Macula,0.9948784,640,480,409,140,512,243
264,264,OS-ad5a8198-26b2-4e14-a6dd-d723d8088a31.16.png,OpticDisk,0.9986349,640,480,230,166,294,230
265,265,OS-ad5a8198-26b2-4e14-a6dd-d723d8088a31.17.png,Macula,0.94286567,640,480,371,89,473,192
268,268,OS-ad5a8198-26b2-4e14-a6dd-d723d8088a31.17.png,OpticDisk,0.9947266,640,480,230,89,307,166
269,269,OS-ad5a8198-26b2-4e14-a6dd-d723d8088a31.18.png,Macula,0.9412672,640,480,384,217,486,307
270,270,OS-ad5a8198-26b2-4e14-a6dd-d723d8088a31.19.png,Macula,0.9965078,640,480,128,179,230,281
271,271,OS-ad5a8198-26b2-4e14-a6dd-d723d8088a31.19.png,OpticDisk,0.9780147,640,480,0,230,76,307
272,272,OD-7a253162-93eb-408b-a0bf-cfc405e244bd.1.png,OpticDisk,0.9980698,640,480,268,76,345,153
273,273,OD-7a253162-93eb-408b-a0bf-cfc405e244bd.2.png,Macula,0.8020757,640,480,230,0,332,89
274,274,OD-7a253162-93eb-408b-a0bf-cfc405e244bd.4.png,Macula,0.9750752,640,480,281,0,384,89
275,275,OD-7a253162-93eb-408b-a0bf-cfc405e244bd.5.png,OpticDisk,0.99910384,640,480,448,140,524,217
276,276,OD-7a253162-93eb-408b-a0bf-cfc405e244bd.5.png,Macula,0.9542059,640,480,281,179,384,281
277,277,OD-7a253162-93eb-408b-a0bf-cfc405e244bd.6.png,OpticDisk,0.9933651,640,480,115,153,192,230
278,278,OS-7a253162-93eb-408b-a0bf-cfc405e244bd.10.png,Macula,0.89524764,640,480,166,76,268,179
280,280,OS-7a253162-93eb-408b-a0bf-cfc405e244bd.11.png,OpticDisk,0.9955407,640,480,38,140,115,217
281,281,OS-7a253162-93eb-408b-a0bf-cfc405e244bd.7.png,OpticDisk,0.8608547,640,480,0,281,51,371
282,282,OS-7a253162-93eb-408b-a0bf-cfc405e244bd.8.png,Macula,0.9316448,640,480,0,320,76,409
283,283,OD-8770a53d-54f2-407b-a338-712db2d70725.1.png,OpticDisk,0.9987281,640,480,320,102,396,179
284,284,OD-8770a53d-54f2-407b-a338-712db2d70725.2.png,OpticDisk,0.9986615,640,480,486,51,563,115
285,285,OD-8770a53d-54f2-407b-a338-712db2d70725.3.png,OpticDisk,0.9992791,640,480,473,51,550,128
286,286,OD-8770a53d-54f2-407b-a338-712db2d70725.4.png,OpticDisk,0.99774534,640,480,499,192,576,268
287,287,OS-8770a53d-54f2-407b-a338-712db2d70725.11.png,OpticDisk,0.96588147,640,480,12,128,89,204
289,289,OS-8770a53d-54f2-407b-a338-712db2d70725.11.png,Macula,0.86442506,640,480,320,166,422,268
291,291,OS-8770a53d-54f2-407b-a338-712db2d70725.12.png,OpticDisk,0.99531734,640,480,64,204,140,281
292,292,OS-8770a53d-54f2-407b-a338-712db2d70725.7.png,OpticDisk,0.96554327,640,480,25,281,102,358
293,293,OS-8770a53d-54f2-407b-a338-712db2d70725.9.png,Macula,0.97660816,640,480,396,307,499,409
294,294,OD-1e668f8c-e162-43cb-964a-962564598c0f.1.png,Macula,0.99660397,640,480,166,192,268,294
295,295,OD-1e668f8c-e162-43cb-964a-962564598c0f.1.png,OpticDisk,0.843528,640,480,294,102,384,192
296,296,OD-1e668f8c-e162-43cb-964a-962564598c0f.2.png,OpticDisk,0.8235733,640,480,537,76,614,153
297,297,OD-1e668f8c-e162-43cb-964a-962564598c0f.3.png,Macula,0.9582567,640,480,435,153,537,256
298,298,OD-1e668f8c-e162-43cb-964a-962564598c0f.4.png,OpticDisk,0.87376946,640,480,537,64,614,140
299,299,OS-1e668f8c-e162-43cb-964a-962564598c0f.5.png,Macula,0.996781,640,480,166,192,268,294
300,300,OS-1e668f8c-e162-43cb-964a-962564598c0f.5.png,OpticDisk,0.9917048,640,480,25,217,102,294
301,301,OS-1e668f8c-e162-43cb-964a-962564598c0f.6.png,Macula,0.97382766,640,480,128,179,230,281
303,303,OS-1e668f8c-e162-43cb-964a-962564598c0f.7.png,Macula,0.9962374,640,480,345,281,448,384
304,304,OS-1e668f8c-e162-43cb-964a-962564598c0f.7.png,OpticDisk,0.8877966,640,480,192,281,281,358
305,305,OD-1c4e70bd-7147-49fc-8eb1-4482897e500e.1.png,OpticDisk,0.99934775,640,480,320,102,396,179
306,306,OD-1c4e70bd-7147-49fc-8eb1-4482897e500e.10.png,OpticDisk,0.9366208,640,480,499,281,576,358
307,307,OD-1c4e70bd-7147-49fc-8eb1-4482897e500e.12.png,OpticDisk,0.98437357,640,480,89,217,166,294
308,308,OD-1c4e70bd-7147-49fc-8eb1-4482897e500e.13.png,OpticDisk,0.98971456,640,480,422,140,499,217
309,309,OD-1c4e70bd-7147-49fc-8eb1-4482897e500e.13.png,Macula,0.8025213,640,480,230,166,332,268
310,310,OD-1c4e70bd-7147-49fc-8eb1-4482897e500e.14.png,OpticDisk,0.98831546,640,480,448,153,524,230
311,311,OD-1c4e70bd-7147-49fc-8eb1-4482897e500e.14.png,Macula,0.9046862,640,480,268,204,371,307
312,312,OD-1c4e70bd-7147-49fc-8eb1-4482897e500e.2.png,OpticDisk,0.9960491,640,480,371,76,448,153
313,313,OD-1c4e70bd-7147-49fc-8eb1-4482897e500e.5.png,Macula,0.8311986,640,480,268,281,371,384
314,314,OD-1c4e70bd-7147-49fc-8eb1-4482897e500e.8.png,Macula,0.828619,640,480,115,115,217,217
315,315,OD-1c4e70bd-7147-49fc-8eb1-4482897e500e.9.png,Macula,0.801639,640,480,179,0,281,89
316,316,OS-1c4e70bd-7147-49fc-8eb1-4482897e500e.15.png,OpticDisk,0.9691797,640,480,12,307,76,371
317,317,OS-1c4e70bd-7147-49fc-8eb1-4482897e500e.15.png,Macula,0.9726141,640,480,166,256,268,358
318,318,OS-1c4e70bd-7147-49fc-8eb1-4482897e500e.18.png,Macula,0.98873085,640,480,371,294,473,396
320,320,OS-1c4e70bd-7147-49fc-8eb1-4482897e500e.19.png,Macula,0.85938716,640,480,384,320,486,422
321,321,OS-1c4e70bd-7147-49fc-8eb1-4482897e500e.21.png,Macula,0.99387866,640,480,230,268,332,371
322,322,OS-1c4e70bd-7147-49fc-8eb1-4482897e500e.21.png,OpticDisk,0.8814287,640,480,64,294,140,371
323,323,OS-1c4e70bd-7147-49fc-8eb1-4482897e500e.22.png,Macula,0.99849784,640,480,230,243,332,345
324,324,OS-1c4e70bd-7147-49fc-8eb1-4482897e500e.22.png,OpticDisk,0.9530828,640,480,64,281,140,358
325,325,OS-1c4e70bd-7147-49fc-8eb1-4482897e500e.23.png,OpticDisk,0.98824394,640,480,51,217,140,294
327,327,OS-1c4e70bd-7147-49fc-8eb1-4482897e500e.23.png,Macula,0.91902256,640,480,230,179,332,281
328,328,OS-1c4e70bd-7147-49fc-8eb1-4482897e500e.24.png,Macula,0.96981907,640,480,371,294,473,396
329,329,OS-1c4e70bd-7147-49fc-8eb1-4482897e500e.26.png,Macula,0.99948764,640,480,422,204,524,307
331,331,OS-1c4e70bd-7147-49fc-8eb1-4482897e500e.26.png,OpticDisk,0.99078685,640,480,243,217,320,294
332,332,OS-1c4e70bd-7147-49fc-8eb1-4482897e500e.27.png,Macula,0.9941497,640,480,358,166,460,268
333,333,OS-1c4e70bd-7147-49fc-8eb1-4482897e500e.27.png,OpticDisk,0.9970462,640,480,192,204,268,281
334,334,OS-1c4e70bd-7147-49fc-8eb1-4482897e500e.28.png,Macula,0.99908257,640,480,448,256,550,358
335,335,OS-1c4e70bd-7147-49fc-8eb1-4482897e500e.28.png,OpticDisk,0.9959617,640,480,281,281,358,358
336,336,OD-bd7bcd0d-9d47-47ea-b109-18fda81a0f17.1.png,OpticDisk,0.9957579,640,480,217,115,294,192
337,337,OD-bd7bcd0d-9d47-47ea-b109-18fda81a0f17.2.png,OpticDisk,0.9939851,640,480,486,166,563,243
338,338,OD-bd7bcd0d-9d47-47ea-b109-18fda81a0f17.3.png,OpticDisk,0.994531,640,480,512,179,588,256
339,339,OD-bd7bcd0d-9d47-47ea-b109-18fda81a0f17.3.png,Macula,0.90489465,640,480,307,230,409,332
340,340,OD-bd7bcd0d-9d47-47ea-b109-18fda81a0f17.4.png,OpticDisk,0.96854603,640,480,512,332,588,409
342,342,OD-bd7bcd0d-9d47-47ea-b109-18fda81a0f17.5.png,Macula,0.8657005,640,480,371,243,473,345
343,343,OD-bd7bcd0d-9d47-47ea-b109-18fda81a0f17.5.png,OpticDisk,0.9925972,640,480,512,217,588,294
344,344,OD-bd7bcd0d-9d47-47ea-b109-18fda81a0f17.6.png,OpticDisk,0.9799233,640,480,499,294,576,371
345,345,OS-bd7bcd0d-9d47-47ea-b109-18fda81a0f17.10.png,OpticDisk,0.9606667,640,480,38,230,115,307
346,346,OS-bd7bcd0d-9d47-47ea-b109-18fda81a0f17.11.png,OpticDisk,0.988235,640,480,64,256,140,332
347,347,OS-bd7bcd0d-9d47-47ea-b109-18fda81a0f17.7.png,Macula,0.9758838,640,480,320,0,422,89
348,348,OS-bd7bcd0d-9d47-47ea-b109-18fda81a0f17.9.png,Macula,0.98321116,640,480,345,0,448,89
349,349,OD-197c689f-1932-4562-9844-b60f34eb33ec.1.png,OpticDisk,0.9986339,640,480,396,153,473,230
350,350,OD-197c689f-1932-4562-9844-b60f34eb33ec.11.png,Macula,0.8043183,640,480,473,192,576,294
351,351,OD-197c689f-1932-4562-9844-b60f34eb33ec.12.png,OpticDisk,0.99914217,640,480,512,153,588,230
352,352,OD-197c689f-1932-4562-9844-b60f34eb33ec.4.png,Macula,0.9662968,640,480,294,0,396,89
353,353,OD-197c689f-1932-4562-9844-b60f34eb33ec.6.png,Macula,0.8439127,640,480,358,12,460,115
354,354,OD-197c689f-1932-4562-9844-b60f34eb33ec.7.png,OpticDisk,0.99926907,640,480,512,358,588,448
355,355,OD-197c689f-1932-4562-9844-b60f34eb33ec.8.png,OpticDisk,0.981904,640,480,140,230,217,320
356,356,OD-197c689f-1932-4562-9844-b60f34eb33ec.9.png,Macula,0.8531039,640,480,89,0,179,76
357,357,OD-197c689f-1932-4562-9844-b60f34eb33ec.9.png,OpticDisk,0.99191236,640,480,320,12,409,102
358,358,OS-197c689f-1932-4562-9844-b60f34eb33ec.13.png,OpticDisk,0.93288517,640,480,38,268,128,358
359,359,OS-197c689f-1932-4562-9844-b60f34eb33ec.13.png,Macula,0.9472259,640,480,192,204,294,307
361,361,OS-197c689f-1932-4562-9844-b60f34eb33ec.14.png,Macula,0.88326573,640,480,153,230,256,332
363,363,OS-197c689f-1932-4562-9844-b60f34eb33ec.15.png,Macula,0.84356093,640,480,217,396,409,460
364,364,OS-197c689f-1932-4562-9844-b60f34eb33ec.16.png,Macula,0.92080235,640,480,0,307,76,396
365,365,OS-197c689f-1932-4562-9844-b60f34eb33ec.17.png,Macula,0.8157632,640,480,0,294,64,384
366,366,OS-197c689f-1932-4562-9844-b60f34eb33ec.18.png,Macula,0.8766139,640,480,396,0,499,89
368,368,OS-197c689f-1932-4562-9844-b60f34eb33ec.19.png,Macula,0.88297737,640,480,448,102,550,204
369,369,OS-197c689f-1932-4562-9844-b60f34eb33ec.20.png,OpticDisk,0.98839545,640,480,64,256,140,332
370,370,OS-197c689f-1932-4562-9844-b60f34eb33ec.20.png,Macula,0.8255085,640,480,332,192,435,294
371,371,OD-2efddb08-3db5-41ad-ac45-991ac03f7bfc.1.png,OpticDisk,0.99761873,640,480,358,192,435,268
372,372,OD-2efddb08-3db5-41ad-ac45-991ac03f7bfc.10.png,Macula,0.9844854,640,480,435,204,537,307
373,373,OD-2efddb08-3db5-41ad-ac45-991ac03f7bfc.11.png,Macula,0.98656785,640,480,332,217,435,320
374,374,OD-2efddb08-3db5-41ad-ac45-991ac03f7bfc.11.png,OpticDisk,0.9891455,640,480,512,192,588,268
375,375,OD-2efddb08-3db5-41ad-ac45-991ac03f7bfc.12.png,Macula,0.98283535,640,480,268,204,371,307
376,376,OD-2efddb08-3db5-41ad-ac45-991ac03f7bfc.12.png,OpticDisk,0.9994019,640,480,460,192,537,268
377,377,OD-2efddb08-3db5-41ad-ac45-991ac03f7bfc.2.png,OpticDisk,0.9884515,640,480,537,230,614,320
378,378,OD-2efddb08-3db5-41ad-ac45-991ac03f7bfc.2.png,Macula,0.8090236,640,480,243,256,345,358
379,379,OD-2efddb08-3db5-41ad-ac45-991ac03f7bfc.3.png,Macula,0.98710597,640,480,448,192,550,294
380,380,OD-2efddb08-3db5-41ad-ac45-991ac03f7bfc.4.png,Macula,0.9994636,640,480,448,204,550,307
381,381,OD-2efddb08-3db5-41ad-ac45-991ac03f7bfc.5.png,Macula,0.99807453,640,480,460,217,563,320
382,382,OD-2efddb08-3db5-41ad-ac45-991ac03f7bfc.7.png,OpticDisk,0.99526924,640,480,422,0,486,64
383,383,OD-2efddb08-3db5-41ad-ac45-991ac03f7bfc.7.png,Macula,0.98055786,640,480,230,0,332,89
384,384,OS-2efddb08-3db5-41ad-ac45-991ac03f7bfc.13.png,OpticDisk,0.9740694,640,480,51,179,128,256
385,385,OS-2efddb08-3db5-41ad-ac45-991ac03f7bfc.14.png,Macula,0.85391253,640,480,128,115,230,217
386,386,OS-2efddb08-3db5-41ad-ac45-991ac03f7bfc.19.png,Macula,0.9831299,640,480,102,0,204,89
388,388,OS-2efddb08-3db5-41ad-ac45-991ac03f7bfc.20.png,OpticDisk,0.9842216,640,480,0,166,76,243
389,389,OS-2efddb08-3db5-41ad-ac45-991ac03f7bfc.22.png,OpticDisk,0.96976805,640,480,38,64,128,153
390,390,OS-2efddb08-3db5-41ad-ac45-991ac03f7bfc.23.png,Macula,0.9728424,640,480,115,128,217,230
391,391,OD-21de2b30-9d4a-4db5-b3b2-523bef95ace3.18.png,OpticDisk,0.9995714,640,480,499,115,563,179
392,392,OD-21de2b30-9d4a-4db5-b3b2-523bef95ace3.2.png,OpticDisk,0.9971782,640,480,448,76,524,153
393,393,OD-21de2b30-9d4a-4db5-b3b2-523bef95ace3.7.png,Macula,0.98046565,640,480,166,166,268,268
394,394,OD-21de2b30-9d4a-4db5-b3b2-523bef95ace3.7.png,OpticDisk,0.9633896,640,480,332,89,409,166
395,395,OD-21de2b30-9d4a-4db5-b3b2-523bef95ace3.8.png,OpticDisk,0.8359085,640,480,409,0,486,38
396,396,OS-21de2b30-9d4a-4db5-b3b2-523bef95ace3.20.png,Macula,0.9909853,640,480,153,256,256,358
397,397,OS-21de2b30-9d4a-4db5-b3b2-523bef95ace3.31.png,Macula,0.9822222,640,480,217,0,307,76
399,399,OS-21de2b30-9d4a-4db5-b3b2-523bef95ace3.31.png,OpticDisk,0.88726,640,480,76,0,153,76
400,400,OS-21de2b30-9d4a-4db5-b3b2-523bef95ace3.32.png,OpticDisk,0.91672945,640,480,0,76,64,153
401,401,OS-21de2b30-9d4a-4db5-b3b2-523bef95ace3.33.png,OpticDisk,0.993883,640,480,0,192,64,256
402,402,OS-21de2b30-9d4a-4db5-b3b2-523bef95ace3.34.png,Macula,0.99750865,640,480,89,217,192,320
403,403,OS-21de2b30-9d4a-4db5-b3b2-523bef95ace3.35.png,OpticDisk,0.9623045,640,480,38,179,115,256
404,404,OS-21de2b30-9d4a-4db5-b3b2-523bef95ace3.36.png,OpticDisk,0.9573334,640,480,25,243,115,332
405,405,OS-2510d404-fffc-4bce-9657-043fb38fe20f.18.png,Macula,0.9987608,640,480,102,243,204,345
406,406,OS-2510d404-fffc-4bce-9657-043fb38fe20f.21.png,Macula,0.97418606,640,480,102,166,204,268
407,407,OS-2510d404-fffc-4bce-9657-043fb38fe20f.27.png,OpticDisk,0.99408734,640,480,12,128,89,204
408,408,OS-2510d404-fffc-4bce-9657-043fb38fe20f.27.png,Macula,0.9955844,640,480,166,102,268,204
409,409,OS-2510d404-fffc-4bce-9657-043fb38fe20f.28.png,Macula,0.9986492,640,480,166,115,268,217
410,410,OS-2510d404-fffc-4bce-9657-043fb38fe20f.28.png,OpticDisk,0.9695165,640,480,12,153,102,230
411,411,OS-2510d404-fffc-4bce-9657-043fb38fe20f.37.png,OpticDisk,0.99635714,640,480,140,76,217,153
412,412,OS-2510d404-fffc-4bce-9657-043fb38fe20f.37.png,Macula,0.9964401,640,480,268,38,371,140
413,413,OS-2510d404-fffc-4bce-9657-043fb38fe20f.38.png,Macula,0.99447364,640,480,192,166,294,268
414,414,OS-2510d404-fffc-4bce-9657-043fb38fe20f.38.png,OpticDisk,0.98070335,640,480,51,179,128,256
415,415,OS-2510d404-fffc-4bce-9657-043fb38fe20f.39.png,Macula,0.99001336,640,480,89,204,192,307
416,416,OD-2510d404-fffc-4bce-9657-043fb38fe20f.1.png,OpticDisk,0.9947267,640,480,320,140,396,217
417,417,OD-2510d404-fffc-4bce-9657-043fb38fe20f.1.png,Macula,0.9977259,640,480,153,179,256,281
418,418,OD-2510d404-fffc-4bce-9657-043fb38fe20f.17.png,OpticDisk,0.9952173,640,480,524,204,601,294
419,419,OD-2510d404-fffc-4bce-9657-043fb38fe20f.17.png,Macula,0.9905331,640,480,358,140,460,243
420,420,OD-2510d404-fffc-4bce-9657-043fb38fe20f.3.png,Macula,0.9304622,640,480,294,0,384,76
421,421,OD-ea529eb0-dfa6-4d94-9634-bfa2e431b6af.4.png,Macula,0.9811242,640,480,371,166,473,268
422,422,OD-ea529eb0-dfa6-4d94-9634-bfa2e431b6af.4.png,OpticDisk,0.9893773,640,480,576,153,627,217
423,423,OD-ea529eb0-dfa6-4d94-9634-bfa2e431b6af.6.png,Macula,0.995275,640,480,396,64,499,166
424,424,OS-ea529eb0-dfa6-4d94-9634-bfa2e431b6af.13.png,Macula,0.98459065,640,480,243,243,345,345
425,425,OS-ea529eb0-dfa6-4d94-9634-bfa2e431b6af.13.png,OpticDisk,0.95954496,640,480,64,307,140,384
426,426,OS-ea529eb0-dfa6-4d94-9634-bfa2e431b6af.24.png,OpticDisk,0.99943763,640,480,384,230,460,294
427,427,OS-ea529eb0-dfa6-4d94-9634-bfa2e431b6af.25.png,OpticDisk,0.99888843,640,480,281,256,345,332
428,428,OD-3b12d731-d6bc-48ac-a79a-d1b3eec404cf.3.png,OpticDisk,0.99766684,640,480,358,243,435,320
429,429,OD-4e5fd8ef-cbc4-4790-9c9f-69afe3e0117f.11.png,Macula,0.98524797,640,480,409,76,512,179
431,431,OD-4e5fd8ef-cbc4-4790-9c9f-69afe3e0117f.2.png,OpticDisk,0.9936646,640,480,486,243,563,320
432,432,OS-3b12d731-d6bc-48ac-a79a-d1b3eec404cf.25.png,OpticDisk,0.990917,640,480,12,243,89,320
433,433,OS-3b12d731-d6bc-48ac-a79a-d1b3eec404cf.34.png,Macula,0.98313177,640,480,473,294,576,396
435,435,OS-3b12d731-d6bc-48ac-a79a-d1b3eec404cf.36.png,OpticDisk,0.8938273,640,480,0,268,76,345
436,436,OS-4e5fd8ef-cbc4-4790-9c9f-69afe3e0117f.21.png,OpticDisk,0.99656206,640,480,294,179,371,256
437,437,OS-4e5fd8ef-cbc4-4790-9c9f-69afe3e0117f.22.png,OpticDisk,0.91175437,640,480,153,243,230,320
438,438,OS-4e5fd8ef-cbc4-4790-9c9f-69afe3e0117f.23.png,OpticDisk,0.99850684,640,480,25,243,102,320
440,440,OS-4e5fd8ef-cbc4-4790-9c9f-69afe3e0117f.24.png,Macula,0.9720215,640,480,448,396,550,460
442,442,R-20190925104825058.jpg,OpticDisk,0.9997938,1440,1080,921,431,1065,575
443,443,R-20190925104825058.jpg,Macula,0.9569703,1440,1080,403,287,835,518
444,444,R-20190925104829623.jpg,Macula,0.9952301,1440,1080,835,374,1065,604
445,445,L-20190925104908857.jpg,OpticDisk,0.9983034,1440,1080,662,374,806,518
446,446,L-20190925104911585.jpg,OpticDisk,0.99965715,1440,1080,316,316,460,460
447,447,L-20190925104911585.jpg,Macula,0.9759896,1440,1080,575,316,806,547
448,448,OD-2dff5f8a-5300-4ca2-b43d-4eead1b28b8a.jpg,Macula,0.987515,1440,1080,374,403,604,633
449,449,OD-2dff5f8a-5300-4ca2-b43d-4eead1b28b8a.jpg,OpticDisk,0.9923849,1440,1080,86,403,230,547
450,450,OD-c3880e92-c610-48a5-8171-213b6bdf0093.1.png,OpticDisk,0.99968004,1600,1200,800,448,992,640
451,451,OD-c3880e92-c610-48a5-8171-213b6bdf0093.1.png,Macula,0.89271003,1600,1200,416,480,672,736
452,452,OD-c3880e92-c610-48a5-8171-213b6bdf0093.10.png,Macula,0.8657312,1600,1200,640,0,896,224
453,453,OD-c3880e92-c610-48a5-8171-213b6bdf0093.10.png,OpticDisk,0.9993741,1600,1200,992,64,1152,224
454,454,OD-c3880e92-c610-48a5-8171-213b6bdf0093.2.png,OpticDisk,0.99993193,1600,1200,1152,480,1312,640
455,455,OD-c3880e92-c610-48a5-8171-213b6bdf0093.2.png,Macula,0.96547145,1600,1200,608,608,864,864
456,456,Right Eye (OD)-c3880e92-c610-48a5-8171-213b6bdf0093.10.jpg,Macula,0.8581041,1600,1200,608,0,864,224
457,457,Right Eye (OD)-c3880e92-c610-48a5-8171-213b6bdf0093.10.jpg,OpticDisk,0.9974946,1600,1200,960,32,1152,224
458,458,Right Eye (OD)-c3880e92-c610-48a5-8171-213b6bdf0093.3.jpg,OpticDisk,0.98542136,1600,1200,1344,512,1536,704
459,459,Left Eye (OS)-c3880e92-c610-48a5-8171-213b6bdf0093.13.jpg,OpticDisk,0.9995253,1600,1200,256,544,416,704
460,460,Left Eye (OS)-c3880e92-c610-48a5-8171-213b6bdf0093.13.jpg,Macula,0.89352584,1600,1200,608,544,864,800
461,461,Left Eye (OS)-c3880e92-c610-48a5-8171-213b6bdf0093.14.jpg,OpticDisk,0.9900124,1600,1200,32,480,192,672
462,462,Left Eye (OS)-c3880e92-c610-48a5-8171-213b6bdf0093.21.jpg,OpticDisk,0.9999329,1600,1200,672,96,800,224
463,463,OD-c3880e92-c610-48a5-8171-213b6bdf0093.14.png,OpticDisk,0.9902436,1600,1200,32,480,224,672
464,464,OD-c3880e92-c610-48a5-8171-213b6bdf0093.24.png,OpticDisk,0.9997794,1600,1200,704,448,832,576
465,465,OD-0e4c7fc6-b94b-49b8-a2b4-fb34c1dc5da7.2.png,OpticDisk,0.9993888,640,480,486,230,563,307
466,466,OD-0e4c7fc6-b94b-49b8-a2b4-fb34c1dc5da7.2.png,Macula,0.997127,640,480,307,243,409,345
467,467,OS-0e4c7fc6-b94b-49b8-a2b4-fb34c1dc5da7.25.png,Macula,0.997189,640,480,268,51,371,153
469,469,OS-0e4c7fc6-b94b-49b8-a2b4-fb34c1dc5da7.25.png,OpticDisk,0.9982712,640,480,102,76,179,140
470,470,OS-0e4c7fc6-b94b-49b8-a2b4-fb34c1dc5da7.26.png,Macula,0.9008925,640,480,435,25,537,128
471,471,OS-0e4c7fc6-b94b-49b8-a2b4-fb34c1dc5da7.26.png,OpticDisk,0.9121695,640,480,256,38,332,115
472,472,OD-3170bb8d-dfb7-4875-aeea-7fa7036e01e8.1.png,OpticDisk,0.9996593,640,480,409,192,473,256
473,473,OD-3170bb8d-dfb7-4875-aeea-7fa7036e01e8.1.png,Macula,0.9952076,640,480,230,230,332,332
474,474,OD-3170bb8d-dfb7-4875-aeea-7fa7036e01e8.2.png,Macula,0.9918921,640,480,345,115,448,217
475,475,OD-3170bb8d-dfb7-4875-aeea-7fa7036e01e8.2.png,OpticDisk,0.9920272,640,480,563,102,627,179
476,476,OS-3170bb8d-dfb7-4875-aeea-7fa7036e01e8.36.png,Macula,0.9828141,640,480,204,140,307,243
478,478,OS-3170bb8d-dfb7-4875-aeea-7fa7036e01e8.64.png,Macula,0.9851673,640,480,192,192,294,294
479,479,OS-3170bb8d-dfb7-4875-aeea-7fa7036e01e8.64.png,OpticDisk,0.93926275,640,480,12,268,76,345
480,480,OD-fd5f4bfa-5478-4c42-87e9-965f2e4ccd63.1.png,OpticDisk,0.9931223,640,480,358,204,435,281
481,481,OS-fd5f4bfa-5478-4c42-87e9-965f2e4ccd63.16.png,OpticDisk,0.99863833,640,480,204,268,281,345
482,482,OS-fd5f4bfa-5478-4c42-87e9-965f2e4ccd63.29.png,OpticDisk,0.99883646,640,480,64,230,140,307
483,483,OS-fd5f4bfa-5478-4c42-87e9-965f2e4ccd63.29.png,Macula,0.887555,640,480,217,243,320,345
484,484,OD-fda2d204-15b6-4ba0-837e-cb1570063c67.1.png,OpticDisk,0.9633272,640,480,384,89,460,166
485,485,OD-fda2d204-15b6-4ba0-837e-cb1570063c67.19.png,OpticDisk,0.9924292,640,480,563,192,627,268
486,486,OD-fda2d204-15b6-4ba0-837e-cb1570063c67.19.png,Macula,0.99054164,640,480,396,204,499,307
487,487,OD-fda2d204-15b6-4ba0-837e-cb1570063c67.2.png,OpticDisk,0.98496866,640,480,499,51,576,115
488,488,OS-fda2d204-15b6-4ba0-837e-cb1570063c67.25.png,OpticDisk,0.9492404,640,480,64,217,140,294
489,489,OD-feeac565-205f-4896-831b-27b60ca29a1c.2.png,OpticDisk,0.99640477,640,480,243,192,320,268
490,490,OD-feeac565-205f-4896-831b-27b60ca29a1c.2.png,Macula,0.8915984,640,480,12,268,115,371
491,491,OS-feeac565-205f-4896-831b-27b60ca29a1c.32.png,OpticDisk,0.9924401,640,480,64,192,140,268
492,492,OS-feeac565-205f-4896-831b-27b60ca29a1c.32.png,Macula,0.98921704,640,480,256,217,358,320
493,493,OS-feeac565-205f-4896-831b-27b60ca29a1c.46.png,OpticDisk,0.99072194,640,480,256,153,332,230
494,494,OD-0e9ba4df-4abe-4c15-b74a-4a9ad047a804.1.png,OpticDisk,0.9848712,640,480,320,166,384,230
495,495,OD-0e9ba4df-4abe-4c15-b74a-4a9ad047a804.2.png,OpticDisk,0.9940578,640,480,537,204,614,268
496,496,OD-0e9ba4df-4abe-4c15-b74a-4a9ad047a804.2.png,Macula,0.95438075,640,480,204,140,307,243
497,497,OS-0e9ba4df-4abe-4c15-b74a-4a9ad047a804.20.png,OpticDisk,0.974501,640,480,102,294,192,371
498,498,OS-0e9ba4df-4abe-4c15-b74a-4a9ad047a804.20.png,Macula,0.8542645,640,480,0,320,76,409
499,499,OD-64128cf3-2f8b-499d-a15a-f76baac9fb8b.3.png,OpticDisk,0.96179503,640,480,563,128,627,204
500,500,OS-64128cf3-2f8b-499d-a15a-f76baac9fb8b.21.png,Macula,0.9769284,640,480,448,217,550,320
501,501,OS-64128cf3-2f8b-499d-a15a-f76baac9fb8b.23.png,Macula,0.99589986,640,480,153,179,256,281
503,503,OS-64128cf3-2f8b-499d-a15a-f76baac9fb8b.53.png,OpticDisk,0.9872902,640,480,320,166,384,230
504,504,OS-64128cf3-2f8b-499d-a15a-f76baac9fb8b.53.png,Macula,0.96437067,640,480,448,166,550,268
505,505,OS-64128cf3-2f8b-499d-a15a-f76baac9fb8b.54.png,Macula,0.9862752,640,480,217,153,320,256
507,507,OS-64128cf3-2f8b-499d-a15a-f76baac9fb8b.54.png,OpticDisk,0.99885225,640,480,89,166,166,243
508,508,OD-37d65b87-bb84-4e7e-b913-238732f9af00.1.png,OpticDisk,0.99778205,640,480,396,128,473,204
509,509,OD-37d65b87-bb84-4e7e-b913-238732f9af00.1.png,Macula,0.9892492,640,480,243,179,345,281
510,510,OD-37d65b87-bb84-4e7e-b913-238732f9af00.21.png,Macula,0.984939,640,480,320,256,422,358
511,511,OD-37d65b87-bb84-4e7e-b913-238732f9af00.21.png,OpticDisk,0.9977307,640,480,537,204,614,281
512,512,OD-37d65b87-bb84-4e7e-b913-238732f9af00.3.png,Macula,0.98854256,640,480,409,166,512,268
514,514,OS-37d65b87-bb84-4e7e-b913-238732f9af00.36.png,Macula,0.86843306,640,480,486,192,576,294
515,515,OS-37d65b87-bb84-4e7e-b913-238732f9af00.36.png,OpticDisk,0.98312896,640,480,243,166,332,243
516,516,OS-37d65b87-bb84-4e7e-b913-238732f9af00.61.png,Macula,0.98734736,640,480,345,166,448,268
517,517,OS-37d65b87-bb84-4e7e-b913-238732f9af00.61.png,OpticDisk,0.9968348,640,480,230,204,307,281
518,518,OS-37d65b87-bb84-4e7e-b913-238732f9af00.68.png,Macula,0.99917656,640,480,358,64,460,166
519,519,OS-37d65b87-bb84-4e7e-b913-238732f9af00.68.png,OpticDisk,0.9853549,640,480,204,64,281,140
520,520,OD-ffb568ea-3f8e-4521-b359-d8aea5958854.2.png,OpticDisk,0.9997193,640,480,294,192,371,268
521,521,OD-ffb568ea-3f8e-4521-b359-d8aea5958854.3.png,Macula,0.96979403,640,480,281,243,384,345
522,522,OD-ffb568ea-3f8e-4521-b359-d8aea5958854.3.png,OpticDisk,0.9694387,640,480,460,179,537,256
523,523,OS-ffb568ea-3f8e-4521-b359-d8aea5958854.27.png,Macula,0.988282,640,480,384,192,486,294
524,524,OS-ffb568ea-3f8e-4521-b359-d8aea5958854.27.png,OpticDisk,0.97508186,640,480,204,230,281,307
525,525,OS-ffb568ea-3f8e-4521-b359-d8aea5958854.29.png,OpticDisk,0.90710133,640,480,25,307,102,371
526,526,OD-ccc0f6c4-e264-455f-8ed4-26a585515a0d.1.png,OpticDisk,0.958154,640,480,332,153,422,243
527,527,OS-ccc0f6c4-e264-455f-8ed4-26a585515a0d.32.png,OpticDisk,0.9914967,640,480,25,281,89,345
528,528,OS-ccc0f6c4-e264-455f-8ed4-26a585515a0d.32.png,Macula,0.9826246,640,480,192,217,294,320
531,531,OS-ccc0f6c4-e264-455f-8ed4-26a585515a0d.33.png,Macula,0.9969764,640,480,192,204,294,307
533,533,OS-ccc0f6c4-e264-455f-8ed4-26a585515a0d.39.png,Macula,0.98897356,640,480,115,64,217,166
535,535,OS-ccc0f6c4-e264-455f-8ed4-26a585515a0d.40.png,OpticDisk,0.9926438,640,480,51,76,128,140
536,536,OS-ccc0f6c4-e264-455f-8ed4-26a585515a0d.40.png,Macula,0.96415186,640,480,179,12,371,115
538,538,OS-ccc0f6c4-e264-455f-8ed4-26a585515a0d.58.png,Macula,0.9995901,640,480,153,204,256,307
540,540,OS-ccc0f6c4-e264-455f-8ed4-26a585515a0d.58.png,OpticDisk,0.99933237,640,480,0,230,64,307
541,541,OD-66a55559-a401-4e34-82f3-001c85c127c1.1.png,OpticDisk,0.9979972,640,480,332,256,422,345
542,542,OD-66a55559-a401-4e34-82f3-001c85c127c1.12.png,Macula,0.8544472,640,480,230,128,332,230
543,543,OD-66a55559-a401-4e34-82f3-001c85c127c1.18.png,OpticDisk,0.9997129,640,480,281,192,358,268
544,544,OD-66a55559-a401-4e34-82f3-001c85c127c1.18.png,Macula,0.9030803,640,480,128,128,230,230
545,545,OD-66a55559-a401-4e34-82f3-001c85c127c1.21.png,OpticDisk,0.9991015,640,480,409,153,473,217
546,546,OD-66a55559-a401-4e34-82f3-001c85c127c1.21.png,Macula,0.9197965,640,480,153,102,256,204
547,547,OD-66a55559-a401-4e34-82f3-001c85c127c1.3.png,OpticDisk,0.99571425,640,480,550,307,627,384
548,548,OD-66a55559-a401-4e34-82f3-001c85c127c1.3.png,Macula,0.9152276,640,480,358,256,460,358
549,549,OS-66a55559-a401-4e34-82f3-001c85c127c1.30.png,OpticDisk,0.99606127,640,480,64,345,140,422
550,550,OS-66a55559-a401-4e34-82f3-001c85c127c1.30.png,Macula,0.9965211,640,480,192,332,294,435
551,551,OS-66a55559-a401-4e34-82f3-001c85c127c1.34.png,Macula,0.99837,640,480,448,294,550,396
552,552,OS-66a55559-a401-4e34-82f3-001c85c127c1.34.png,OpticDisk,0.9859389,640,480,281,256,371,345
553,553,OD-dea2732e-b9b1-4894-a7db-9bbb5d1115f6.1.png,OpticDisk,0.99927396,640,480,332,153,396,217
554,554,OD-dea2732e-b9b1-4894-a7db-9bbb5d1115f6.1.png,Macula,0.9830482,640,480,153,166,256,268
555,555,OD-dea2732e-b9b1-4894-a7db-9bbb5d1115f6.2.png,Macula,0.99605775,640,480,358,140,460,243
557,557,OD-dea2732e-b9b1-4894-a7db-9bbb5d1115f6.2.png,OpticDisk,0.99959236,640,480,563,179,627,243
558,558,OD-dea2732e-b9b1-4894-a7db-9bbb5d1115f6.4.png,Macula,0.9927918,640,480,371,217,473,320
559,559,OD-dea2732e-b9b1-4894-a7db-9bbb5d1115f6.4.png,OpticDisk,0.92437035,640,480,576,217,627,294
560,560,OS-dea2732e-b9b1-4894-a7db-9bbb5d1115f6.34.png,OpticDisk,0.99944407,640,480,25,217,89,281
561,561,OS-dea2732e-b9b1-4894-a7db-9bbb5d1115f6.34.png,Macula,0.9835181,640,480,153,179,256,281
562,562,OS-dea2732e-b9b1-4894-a7db-9bbb5d1115f6.60.png,OpticDisk,0.999371,640,480,294,102,371,179
563,563,OS-dea2732e-b9b1-4894-a7db-9bbb5d1115f6.70.png,OpticDisk,0.998845,640,480,38,204,102,268
564,564,OS-dea2732e-b9b1-4894-a7db-9bbb5d1115f6.70.png,Macula,0.890172,640,480,268,166,371,268
565,565,OD-1d740b14-d676-47d5-b9fd-a7ceb4671321.1.png,Macula,0.97244936,640,480,192,217,294,320
566,566,OD-1d740b14-d676-47d5-b9fd-a7ceb4671321.1.png,OpticDisk,0.99679095,640,480,345,230,422,307
567,567,OD-1d740b14-d676-47d5-b9fd-a7ceb4671321.2.png,OpticDisk,0.99154025,640,480,499,204,576,281
568,568,OD-1d740b14-d676-47d5-b9fd-a7ceb4671321.2.png,Macula,0.99864584,640,480,332,179,435,281
569,569,OD-1d740b14-d676-47d5-b9fd-a7ceb4671321.3.png,Macula,0.99585694,640,480,448,102,550,204
571,571,OD-1d740b14-d676-47d5-b9fd-a7ceb4671321.4.png,Macula,0.853613,640,480,166,281,268,384
573,573,OS-1d740b14-d676-47d5-b9fd-a7ceb4671321.10.png,OpticDisk,0.9990706,640,480,0,166,64,243
574,574,OS-1d740b14-d676-47d5-b9fd-a7ceb4671321.11.png,Macula,0.99175054,640,480,204,345,307,448
576,576,OS-1d740b14-d676-47d5-b9fd-a7ceb4671321.12.png,Macula,0.9197102,640,480,0,307,76,396
577,577,OS-1d740b14-d676-47d5-b9fd-a7ceb4671321.5.png,Macula,0.9720305,640,480,358,115,460,217
578,578,OS-1d740b14-d676-47d5-b9fd-a7ceb4671321.5.png,OpticDisk,0.99443924,640,480,281,153,358,230
579,579,OS-1d740b14-d676-47d5-b9fd-a7ceb4671321.6.png,OpticDisk,0.9868221,640,480,281,153,358,230
580,580,OS-1d740b14-d676-47d5-b9fd-a7ceb4671321.6.png,Macula,0.9887925,640,480,409,140,512,243
582,582,OS-1d740b14-d676-47d5-b9fd-a7ceb4671321.7.png,OpticDisk,0.9984915,640,480,51,166,128,243
583,583,OS-1d740b14-d676-47d5-b9fd-a7ceb4671321.8.png,OpticDisk,0.9989931,640,480,0,140,51,204
584,584,OS-1d740b14-d676-47d5-b9fd-a7ceb4671321.9.png,OpticDisk,0.999706,640,480,0,230,64,294
585,585,OD-29ee6fd0-78fd-4b44-b4bb-ac9a7a9620de.1.png,Macula,0.9998615,640,480,281,332,384,435
586,586,OD-29ee6fd0-78fd-4b44-b4bb-ac9a7a9620de.1.png,OpticDisk,0.99793243,640,480,409,345,499,435
590,590,OD-29ee6fd0-78fd-4b44-b4bb-ac9a7a9620de.2.png,Macula,0.8677875,640,480,115,166,307,358
591,591,OD-29ee6fd0-78fd-4b44-b4bb-ac9a7a9620de.2.png,OpticDisk,0.99841285,640,480,358,217,435,294
593,593,OD-29ee6fd0-78fd-4b44-b4bb-ac9a7a9620de.3.png,Macula,0.9505258,640,480,89,140,192,243
594,594,OD-29ee6fd0-78fd-4b44-b4bb-ac9a7a9620de.3.png,OpticDisk,0.9968829,640,480,358,217,435,294
597,597,OD-29ee6fd0-78fd-4b44-b4bb-ac9a7a9620de.4.png,Macula,0.9021885,640,480,102,320,204,422
598,598,OD-29ee6fd0-78fd-4b44-b4bb-ac9a7a9620de.4.png,OpticDisk,0.9833477,640,480,320,256,396,332
599,599,OD-29ee6fd0-78fd-4b44-b4bb-ac9a7a9620de.5.png,Macula,0.9103299,640,480,409,140,512,243
600,600,OS-29ee6fd0-78fd-4b44-b4bb-ac9a7a9620de.10.png,OpticDisk,0.993042,640,480,64,320,140,396
601,601,OS-29ee6fd0-78fd-4b44-b4bb-ac9a7a9620de.10.png,Macula,0.9563702,640,480,179,307,281,409
602,602,OS-29ee6fd0-78fd-4b44-b4bb-ac9a7a9620de.6.png,Macula,0.99650455,640,480,422,332,524,435
604,604,OS-29ee6fd0-78fd-4b44-b4bb-ac9a7a9620de.6.png,OpticDisk,0.9921061,640,480,307,320,396,409
605,605,OS-29ee6fd0-78fd-4b44-b4bb-ac9a7a9620de.8.png,OpticDisk,0.98877174,640,480,115,345,204,422
606,606,OS-29ee6fd0-78fd-4b44-b4bb-ac9a7a9620de.8.png,Macula,0.9822443,640,480,230,294,332,396
607,607,OS-29ee6fd0-78fd-4b44-b4bb-ac9a7a9620de.9.png,Macula,0.91007686,640,480,217,217,307,307
608,608,OD-ed29e7ff-9820-4f32-b937-5ef73188b02f.27.png,OpticDisk,0.8268154,640,480,512,89,588,166
609,609,OD-ed29e7ff-9820-4f32-b937-5ef73188b02f.30.png,OpticDisk,0.9697967,640,480,563,140,627,217
610,610,OD-ed29e7ff-9820-4f32-b937-5ef73188b02f.4.png,Macula,0.98992467,640,480,371,128,473,230
611,611,OD-ed29e7ff-9820-4f32-b937-5ef73188b02f.4.png,OpticDisk,0.9617863,640,480,563,115,627,179
612,612,OD-ed29e7ff-9820-4f32-b937-5ef73188b02f.36.png,OpticDisk,0.99748755,640,480,358,192,422,268
613,613,OD-ed29e7ff-9820-4f32-b937-5ef73188b02f.36.png,Macula,0.87905633,640,480,140,230,243,332
614,614,OS-ed29e7ff-9820-4f32-b937-5ef73188b02f.40.png,Macula,0.99308664,640,480,153,192,256,294
616,616,OS-ed29e7ff-9820-4f32-b937-5ef73188b02f.59.png,OpticDisk,0.99058294,640,480,217,204,294,281
617,617,OS-ed29e7ff-9820-4f32-b937-5ef73188b02f.69.png,Macula,0.9898637,640,480,230,230,332,332
619,619,OS-ed29e7ff-9820-4f32-b937-5ef73188b02f.69.png,OpticDisk,0.99737394,640,480,76,281,153,358
620,620,OD-16f1e3b9-5ce7-4fbc-a3bf-30c662717bc6.1.png,OpticDisk,0.99971515,640,480,320,179,396,256
621,621,OD-16f1e3b9-5ce7-4fbc-a3bf-30c662717bc6.11.png,OpticDisk,0.9973876,640,480,512,140,588,217
622,622,OD-16f1e3b9-5ce7-4fbc-a3bf-30c662717bc6.11.png,Macula,0.99145657,640,480,345,166,448,268
623,623,OD-16f1e3b9-5ce7-4fbc-a3bf-30c662717bc6.23.png,OpticDisk,0.9894426,640,480,550,153,627,243
625,625,OS-16f1e3b9-5ce7-4fbc-a3bf-30c662717bc6.34.png,OpticDisk,0.9984902,640,480,76,204,153,281
626,626,OS-16f1e3b9-5ce7-4fbc-a3bf-30c662717bc6.34.png,Macula,0.92606145,640,480,243,192,345,294
627,627,OS-16f1e3b9-5ce7-4fbc-a3bf-30c662717bc6.35.png,OpticDisk,0.99921715,640,480,12,230,76,294
628,628,OS-16f1e3b9-5ce7-4fbc-a3bf-30c662717bc6.35.png,Macula,0.9475516,640,480,166,192,268,294
629,629,OS-16f1e3b9-5ce7-4fbc-a3bf-30c662717bc6.54.png,OpticDisk,0.9838239,640,480,25,268,89,332
630,630,OS-16f1e3b9-5ce7-4fbc-a3bf-30c662717bc6.54.png,Macula,0.9875136,640,480,179,230,281,332
632,632,OD-06bdef9f-c895-4c31-add3-d8c1f1085c6e.4.png,OpticDisk,0.9041893,640,480,217,204,294,281
633,633,OS-06bdef9f-c895-4c31-add3-d8c1f1085c6e.16.png,OpticDisk,0.995729,640,480,230,230,294,307
634,634,OS-06bdef9f-c895-4c31-add3-d8c1f1085c6e.17.png,OpticDisk,0.98963976,640,480,0,294,76,358
635,635,OS-06bdef9f-c895-4c31-add3-d8c1f1085c6e.17.png,Macula,0.969443,640,480,153,256,256,358
637,637,OS-06bdef9f-c895-4c31-add3-d8c1f1085c6e.20.png,OpticDisk,0.99646264,640,480,102,166,179,243
638,638,OS-06bdef9f-c895-4c31-add3-d8c1f1085c6e.20.png,Macula,0.9247231,640,480,332,140,524,243
639,639,OS-06bdef9f-c895-4c31-add3-d8c1f1085c6e.24.png,OpticDisk,0.9973182,640,480,204,230,268,294
641,641,OS-06bdef9f-c895-4c31-add3-d8c1f1085c6e.25.png,OpticDisk,0.9451797,640,480,0,268,76,345
642,642,OS-06bdef9f-c895-4c31-add3-d8c1f1085c6e.25.png,Macula,0.8406489,640,480,179,256,281,358
643,643,OD-572802b3-8710-41b7-9976-1b2eb1238ed6.1.png,OpticDisk,0.99730897,640,480,281,179,358,256
644,644,OD-572802b3-8710-41b7-9976-1b2eb1238ed6.2.png,OpticDisk,0.8840165,640,480,537,166,627,256
645,645,OD-572802b3-8710-41b7-9976-1b2eb1238ed6.2.png,Macula,0.97790056,640,480,230,153,332,256
646,646,OS-572802b3-8710-41b7-9976-1b2eb1238ed6.19.png,OpticDisk,0.8747953,640,480,179,140,256,217
647,647,OD-ef9baa01-09f1-4273-b0e7-568c5464caab.19.png,OpticDisk,0.9993154,640,480,435,89,499,153
648,648,OD-ef9baa01-09f1-4273-b0e7-568c5464caab.19.png,Macula,0.9810859,640,480,243,166,345,268
649,649,OD-ef9baa01-09f1-4273-b0e7-568c5464caab.2.png,OpticDisk,0.9992016,640,480,396,102,473,179
650,650,OD-ef9baa01-09f1-4273-b0e7-568c5464caab.3.png,OpticDisk,0.98852974,640,480,576,128,627,204
651,651,OD-ef9baa01-09f1-4273-b0e7-568c5464caab.4.png,OpticDisk,0.96621764,640,480,563,179,627,256
652,652,OS-ef9baa01-09f1-4273-b0e7-568c5464caab.20.png,OpticDisk,0.998754,640,480,76,230,140,294
653,653,OS-ef9baa01-09f1-4273-b0e7-568c5464caab.27.png,Macula,0.98540616,640,480,115,115,217,217
656,656,OD-fa390348-ad58-4c46-b908-a8c70045cf13.50.png,OpticDisk,0.99914575,640,480,243,128,320,204
657,657,OD-fa390348-ad58-4c46-b908-a8c70045cf13.50.png,Macula,0.8151643,640,480,0,102,76,192
658,658,OD-fa390348-ad58-4c46-b908-a8c70045cf13.9.png,OpticDisk,0.9994572,640,480,435,153,499,217
659,659,OD-fa390348-ad58-4c46-b908-a8c70045cf13.9.png,Macula,0.94290614,640,480,256,166,358,268
660,660,OS-fa390348-ad58-4c46-b908-a8c70045cf13.35.png,Macula,0.92217344,640,480,153,192,243,294
661,661,OS-fa390348-ad58-4c46-b908-a8c70045cf13.35.png,OpticDisk,0.9970284,640,480,25,192,102,256
662,662,OD-985eb31b-d90e-4912-8aa3-bbddc96e1424.1.png,OpticDisk,0.99319625,640,480,320,204,396,281
663,663,OD-985eb31b-d90e-4912-8aa3-bbddc96e1424.1.png,Macula,0.9869508,640,480,128,204,230,307
664,664,OD-985eb31b-d90e-4912-8aa3-bbddc96e1424.2.png,Macula,0.9980552,640,480,358,217,460,320
665,665,OS-985eb31b-d90e-4912-8aa3-bbddc96e1424.14.png,Macula,0.96284956,640,480,409,230,512,332
666,666,OS-985eb31b-d90e-4912-8aa3-bbddc96e1424.14.png,OpticDisk,0.99742705,640,480,243,256,320,332
667,667,OS-985eb31b-d90e-4912-8aa3-bbddc96e1424.16.png,Macula,0.9967608,640,480,192,217,294,320
668,668,OS-985eb31b-d90e-4912-8aa3-bbddc96e1424.16.png,OpticDisk,0.99749243,640,480,64,256,140,332
669,669,OS-985eb31b-d90e-4912-8aa3-bbddc96e1424.30.png,Macula,0.9479654,640,480,153,115,256,217
670,670,OD-4db9cb5d-abc2-479b-a678-90af7f7d3030.1.png,OpticDisk,0.9953526,640,480,320,192,396,268
671,671,OD-4db9cb5d-abc2-479b-a678-90af7f7d3030.1.png,Macula,0.9626373,640,480,179,204,281,307
672,672,OD-4db9cb5d-abc2-479b-a678-90af7f7d3030.2.png,Macula,0.9855563,640,480,294,204,396,307
673,673,OD-4db9cb5d-abc2-479b-a678-90af7f7d3030.2.png,OpticDisk,0.99056655,640,480,473,217,550,294
674,674,OS-4db9cb5d-abc2-479b-a678-90af7f7d3030.12.png,OpticDisk,0.9938128,640,480,268,179,345,256
675,675,OS-4db9cb5d-abc2-479b-a678-90af7f7d3030.12.png,Macula,0.9831256,640,480,409,102,512,204
677,677,OS-4db9cb5d-abc2-479b-a678-90af7f7d3030.13.png,Macula,0.9927442,640,480,307,153,409,256
678,678,OS-4db9cb5d-abc2-479b-a678-90af7f7d3030.13.png,OpticDisk,0.9929128,640,480,179,204,256,281
679,679,OS-4db9cb5d-abc2-479b-a678-90af7f7d3030.14.png,Macula,0.9993204,640,480,102,179,204,281
681,681,OS-4db9cb5d-abc2-479b-a678-90af7f7d3030.16.png,Macula,0.99786395,640,480,128,128,230,230
682,682,OS-4db9cb5d-abc2-479b-a678-90af7f7d3030.28.png,Macula,0.99899167,640,480,115,179,217,281
685,685,OD-2155816a-bbee-4092-9e08-e186353a5f06.1.png,Macula,0.9930187,640,480,140,204,243,307
686,686,OD-2155816a-bbee-4092-9e08-e186353a5f06.1.png,OpticDisk,0.99960095,640,480,294,192,371,268
687,687,OD-2155816a-bbee-4092-9e08-e186353a5f06.2.png,OpticDisk,0.99175537,640,480,512,256,588,332
688,688,OD-2155816a-bbee-4092-9e08-e186353a5f06.6.png,Macula,0.995407,640,480,448,179,550,281
690,690,OS-2155816a-bbee-4092-9e08-e186353a5f06.22.png,OpticDisk,0.9905938,640,480,230,166,294,230
691,691,OS-2155816a-bbee-4092-9e08-e186353a5f06.22.png,Macula,0.9721104,640,480,384,166,486,268
692,692,OS-2155816a-bbee-4092-9e08-e186353a5f06.23.png,Macula,0.99797875,640,480,307,192,409,294
693,693,OS-2155816a-bbee-4092-9e08-e186353a5f06.23.png,OpticDisk,0.99827147,640,480,140,192,204,268
694,694,OS-2155816a-bbee-4092-9e08-e186353a5f06.24.png,Macula,0.8464691,640,480,230,0,332,89
695,695,OD-00a23638-1a76-46d2-80c0-18a45ca45b32.12.png,OpticDisk,0.98606575,640,480,358,38,435,115
696,696,OD-00a23638-1a76-46d2-80c0-18a45ca45b32.12.png,Macula,0.9802169,640,480,140,12,332,115
697,697,OD-00a23638-1a76-46d2-80c0-18a45ca45b32.14.png,Macula,0.97765917,640,480,0,102,102,204
701,701,OD-00a23638-1a76-46d2-80c0-18a45ca45b32.15.png,Macula,0.99322647,640,480,345,166,435,256
702,702,OD-00a23638-1a76-46d2-80c0-18a45ca45b32.15.png,OpticDisk,0.9996753,640,480,563,217,627,281
703,703,OS-00a23638-1a76-46d2-80c0-18a45ca45b32.24.png,Macula,0.9820096,640,480,371,153,473,256
704,704,OS-00a23638-1a76-46d2-80c0-18a45ca45b32.24.png,OpticDisk,0.97685003,640,480,204,192,281,268
705,705,OS-00a23638-1a76-46d2-80c0-18a45ca45b32.25.png,Macula,0.9830983,640,480,281,192,384,294
706,706,OS-00a23638-1a76-46d2-80c0-18a45ca45b32.25.png,OpticDisk,0.99100715,640,480,115,192,192,268
707,707,OS-00a23638-1a76-46d2-80c0-18a45ca45b32.30.png,Macula,0.9878925,640,480,204,89,307,192
708,708,OS-00a23638-1a76-46d2-80c0-18a45ca45b32.30.png,OpticDisk,0.995533,640,480,38,76,115,153
709,709,OS-00a23638-1a76-46d2-80c0-18a45ca45b32.41.png,OpticDisk,0.99426997,640,480,64,140,140,217
711,711,OS-00a23638-1a76-46d2-80c0-18a45ca45b32.41.png,Macula,0.93693125,640,480,281,140,384,243
712,712,OD-1928a900-a1a3-4d51-ae13-a8a8023d5ad6.15.png,Macula,0.99345785,640,480,409,128,512,230
713,713,OD-1928a900-a1a3-4d51-ae13-a8a8023d5ad6.15.png,OpticDisk,0.84578633,640,480,563,128,627,204
715,715,OD-1928a900-a1a3-4d51-ae13-a8a8023d5ad6.2.png,Macula,0.99541974,640,480,320,204,422,307
716,716,OD-1928a900-a1a3-4d51-ae13-a8a8023d5ad6.2.png,OpticDisk,0.9936221,640,480,563,230,614,294
717,717,OD-1928a900-a1a3-4d51-ae13-a8a8023d5ad6.30.png,Macula,0.9986242,640,480,307,166,409,268
718,718,OD-1928a900-a1a3-4d51-ae13-a8a8023d5ad6.30.png,OpticDisk,0.99997413,640,480,512,140,576,204
719,719,OS-1928a900-a1a3-4d51-ae13-a8a8023d5ad6.39.png,OpticDisk,0.9948626,640,480,51,256,128,332
720,720,OS-1928a900-a1a3-4d51-ae13-a8a8023d5ad6.53.png,Macula,0.96292335,640,480,102,128,204,230
722,722,OD-fa29d25d-46e0-4e19-97ba-dc8d1a64b61e.1.png,Macula,0.87530243,640,480,153,166,256,268
724,724,OD-fa29d25d-46e0-4e19-97ba-dc8d1a64b61e.1.png,OpticDisk,0.9979043,640,480,307,192,384,268
725,725,OD-fa29d25d-46e0-4e19-97ba-dc8d1a64b61e.12.png,OpticDisk,0.9905223,640,480,115,204,192,281
726,726,OD-fa29d25d-46e0-4e19-97ba-dc8d1a64b61e.6.png,Macula,0.95276654,640,480,396,102,499,204
727,727,OD-fa29d25d-46e0-4e19-97ba-dc8d1a64b61e.7.png,Macula,0.9687593,640,480,473,166,576,268
729,729,OD-fa29d25d-46e0-4e19-97ba-dc8d1a64b61e.8.png,Macula,0.9356745,640,480,384,64,486,166
730,730,OD-fa29d25d-46e0-4e19-97ba-dc8d1a64b61e.9.png,Macula,0.9275304,640,480,486,217,588,320
732,732,OS-fa29d25d-46e0-4e19-97ba-dc8d1a64b61e.15.png,OpticDisk,0.9987471,640,480,243,243,320,320
733,733,OS-fa29d25d-46e0-4e19-97ba-dc8d1a64b61e.16.png,Macula,0.9781104,640,480,435,128,537,230
736,736,OS-fa29d25d-46e0-4e19-97ba-dc8d1a64b61e.17.png,Macula,0.9826598,640,480,396,179,499,281
738,738,OS-fa29d25d-46e0-4e19-97ba-dc8d1a64b61e.18.png,Macula,0.9824822,640,480,320,128,422,230
740,740,OS-fa29d25d-46e0-4e19-97ba-dc8d1a64b61e.19.png,Macula,0.9903294,640,480,550,140,627,230
743,743,OS-fa29d25d-46e0-4e19-97ba-dc8d1a64b61e.20.png,Macula,0.9967616,640,480,281,38,384,140
745,745,OS-fa29d25d-46e0-4e19-97ba-dc8d1a64b61e.22.png,Macula,0.9844179,640,480,473,256,576,358
747,747,OS-fa29d25d-46e0-4e19-97ba-dc8d1a64b61e.23.png,Macula,0.94547886,640,480,448,192,550,294
748,748,OS-fa29d25d-46e0-4e19-97ba-dc8d1a64b61e.24.png,Macula,0.84418106,640,480,128,320,230,422
749,749,OS-fa29d25d-46e0-4e19-97ba-dc8d1a64b61e.25.png,Macula,0.9297522,640,480,448,128,550,230
750,750,OS-fa29d25d-46e0-4e19-97ba-dc8d1a64b61e.26.png,OpticDisk,0.97889906,640,480,371,345,448,422
751,751,OS-fa29d25d-46e0-4e19-97ba-dc8d1a64b61e.27.png,Macula,0.96802586,640,480,268,0,371,89
752,752,OS-fa29d25d-46e0-4e19-97ba-dc8d1a64b61e.28.png,Macula,0.923608,640,480,256,0,358,76
753,753,OD-481b8e1f-db3f-4eec-bbe0-abecc72b284a.1.png,OpticDisk,0.9978179,640,480,268,179,345,256
754,754,OD-481b8e1f-db3f-4eec-bbe0-abecc72b284a.1.png,Macula,0.9800946,640,480,140,179,243,281
755,755,OD-481b8e1f-db3f-4eec-bbe0-abecc72b284a.2.png,OpticDisk,0.98742235,640,480,281,128,358,204
756,756,OD-481b8e1f-db3f-4eec-bbe0-abecc72b284a.2.png,Macula,0.9938065,640,480,140,115,243,217
757,757,OD-481b8e1f-db3f-4eec-bbe0-abecc72b284a.3.png,Macula,0.9936346,640,480,153,153,256,256
758,758,OD-481b8e1f-db3f-4eec-bbe0-abecc72b284a.3.png,OpticDisk,0.9822134,640,480,294,153,371,230
759,759,OD-481b8e1f-db3f-4eec-bbe0-abecc72b284a.5.png,Macula,0.9892889,640,480,396,268,499,371
760,760,OD-481b8e1f-db3f-4eec-bbe0-abecc72b284a.5.png,OpticDisk,0.9677976,640,480,550,268,627,358
761,761,OD-481b8e1f-db3f-4eec-bbe0-abecc72b284a.6.png,Macula,0.99932253,640,480,422,243,524,345
762,762,OD-481b8e1f-db3f-4eec-bbe0-abecc72b284a.6.png,OpticDisk,0.95682836,640,480,576,256,627,332
763,763,OD-481b8e1f-db3f-4eec-bbe0-abecc72b284a.7.png,Macula,0.9980293,640,480,435,294,537,396
764,764,OD-481b8e1f-db3f-4eec-bbe0-abecc72b284a.8.png,OpticDisk,0.9851033,640,480,307,64,396,140
765,765,OD-481b8e1f-db3f-4eec-bbe0-abecc72b284a.8.png,Macula,0.9849539,640,480,153,64,256,166
766,766,OS-481b8e1f-db3f-4eec-bbe0-abecc72b284a.10.png,OpticDisk,0.81621635,640,480,102,64,179,140
767,767,OS-481b8e1f-db3f-4eec-bbe0-abecc72b284a.10.png,Macula,0.9787162,640,480,256,51,358,153
768,768,OS-481b8e1f-db3f-4eec-bbe0-abecc72b284a.11.png,Macula,0.99040973,640,480,76,230,179,332
770,770,OS-481b8e1f-db3f-4eec-bbe0-abecc72b284a.12.png,Macula,0.9907861,640,480,51,243,153,345
772,772,OS-481b8e1f-db3f-4eec-bbe0-abecc72b284a.13.png,Macula,0.9885554,640,480,166,230,268,332
773,773,OS-481b8e1f-db3f-4eec-bbe0-abecc72b284a.13.png,OpticDisk,0.99667287,640,480,51,294,115,371
774,774,OS-481b8e1f-db3f-4eec-bbe0-abecc72b284a.14.png,Macula,0.9538554,640,480,281,345,384,448
775,775,OS-481b8e1f-db3f-4eec-bbe0-abecc72b284a.14.png,OpticDisk,0.92153704,640,480,179,422,230,460
776,776,OS-481b8e1f-db3f-4eec-bbe0-abecc72b284a.9.png,Macula,0.9848107,640,480,256,89,358,192
777,777,OS-481b8e1f-db3f-4eec-bbe0-abecc72b284a.9.png,OpticDisk,0.9969505,640,480,140,115,217,192
778,778,OD-1dbfa700-66dc-4aa4-931a-f2331824b194.2.png,Macula,0.9737258,640,480,128,268,230,371
779,779,OD-1dbfa700-66dc-4aa4-931a-f2331824b194.2.png,OpticDisk,0.9980767,640,480,307,192,371,256
780,780,OD-1dbfa700-66dc-4aa4-931a-f2331824b194.24.png,OpticDisk,0.99825245,640,480,499,76,563,140
781,781,OD-1dbfa700-66dc-4aa4-931a-f2331824b194.24.png,Macula,0.96246177,640,480,332,115,435,217
782,782,OS-1dbfa700-66dc-4aa4-931a-f2331824b194.27.png,Macula,0.9860563,640,480,307,153,409,256
783,783,OS-1dbfa700-66dc-4aa4-931a-f2331824b194.27.png,OpticDisk,0.9844844,640,480,102,179,179,256
784,784,OS-1dbfa700-66dc-4aa4-931a-f2331824b194.40.png,OpticDisk,0.94207036,640,480,307,153,384,230
785,785,OS-1dbfa700-66dc-4aa4-931a-f2331824b194.43.png,OpticDisk,0.9995515,640,480,89,166,153,230
786,786,OS-1dbfa700-66dc-4aa4-931a-f2331824b194.43.png,Macula,0.845562,640,480,256,140,358,243
787,787,OS-1dbfa700-66dc-4aa4-931a-f2331824b194.44.png,OpticDisk,0.9946461,640,480,115,243,192,320
788,788,OD-c2ff75ef-d839-4bea-935c-c2a7df547a85.24.png,Macula,0.904343,1600,1200,288,640,544,896
789,789,OD-c2ff75ef-d839-4bea-935c-c2a7df547a85.25.png,OpticDisk,0.9613718,1600,1200,32,448,192,608
790,790,OD-c2ff75ef-d839-4bea-935c-c2a7df547a85.29.png,OpticDisk,0.98835397,1600,1200,96,640,288,832
791,791,OD-e5dbbbad-3439-476c-a8eb-1ef5d3926009.1.png,OpticDisk,0.99957997,1600,1200,1024,640,1216,832
792,792,OD-e5dbbbad-3439-476c-a8eb-1ef5d3926009.1.png,Macula,0.8533543,1600,1200,608,384,864,640
793,793,OD-e5dbbbad-3439-476c-a8eb-1ef5d3926009.10.png,Macula,0.98758453,1600,1200,992,864,1248,1120
794,794,OD-e5dbbbad-3439-476c-a8eb-1ef5d3926009.11.png,Macula,0.9932405,1600,1200,992,864,1248,1120
795,795,OD-e5dbbbad-3439-476c-a8eb-1ef5d3926009.13.png,OpticDisk,0.99964356,1600,1200,352,640,512,800
797,797,OD-e5dbbbad-3439-476c-a8eb-1ef5d3926009.14.png,OpticDisk,0.9654106,1600,1200,672,512,896,736
798,798,OD-e5dbbbad-3439-476c-a8eb-1ef5d3926009.14.png,Macula,0.99276745,1600,1200,352,416,608,672
800,800,OD-e5dbbbad-3439-476c-a8eb-1ef5d3926009.15.png,OpticDisk,0.99943024,1600,1200,672,704,832,864
801,801,OD-e5dbbbad-3439-476c-a8eb-1ef5d3926009.15.png,Macula,0.9956743,1600,1200,256,544,512,800
803,803,OD-e5dbbbad-3439-476c-a8eb-1ef5d3926009.16.png,Macula,0.9959847,1600,1200,896,832,1152,1088
804,804,OD-e5dbbbad-3439-476c-a8eb-1ef5d3926009.16.png,OpticDisk,0.9880052,1600,1200,1280,832,1472,1024
805,805,OD-e5dbbbad-3439-476c-a8eb-1ef5d3926009.17.png,Macula,0.99154973,1600,1200,928,768,1184,1024
806,806,OD-e5dbbbad-3439-476c-a8eb-1ef5d3926009.17.png,OpticDisk,0.8589789,1600,1200,1376,864,1568,1056
807,807,OD-e5dbbbad-3439-476c-a8eb-1ef5d3926009.18.png,Macula,0.99781513,1600,1200,896,768,1152,1024
808,808,OD-e5dbbbad-3439-476c-a8eb-1ef5d3926009.18.png,OpticDisk,0.9950818,1600,1200,1280,800,1440,960
809,809,OD-e5dbbbad-3439-476c-a8eb-1ef5d3926009.19.png,Macula,0.9985598,1600,1200,992,896,1248,1152
810,810,OD-e5dbbbad-3439-476c-a8eb-1ef5d3926009.2.png,OpticDisk,0.998401,1600,1200,960,608,1152,800
811,811,OD-e5dbbbad-3439-476c-a8eb-1ef5d3926009.2.png,Macula,0.84795964,1600,1200,608,576,864,832
812,812,OD-e5dbbbad-3439-476c-a8eb-1ef5d3926009.20.png,OpticDisk,0.99707067,1600,1200,1312,800,1504,992
813,813,OD-e5dbbbad-3439-476c-a8eb-1ef5d3926009.20.png,Macula,0.9926857,1600,1200,896,736,1152,992
814,814,OD-e5dbbbad-3439-476c-a8eb-1ef5d3926009.21.png,OpticDisk,0.8959276,1600,1200,448,512,672,736
815,815,OD-e5dbbbad-3439-476c-a8eb-1ef5d3926009.21.png,Macula,0.86989564,1600,1200,928,672,1184,928
816,816,OD-e5dbbbad-3439-476c-a8eb-1ef5d3926009.22.png,OpticDisk,0.999111,1600,1200,448,544,608,736
817,817,OD-e5dbbbad-3439-476c-a8eb-1ef5d3926009.22.png,Macula,0.9860007,1600,1200,704,512,960,768
819,819,OD-e5dbbbad-3439-476c-a8eb-1ef5d3926009.23.png,OpticDisk,0.999941,1600,1200,928,640,1088,768
820,820,OD-e5dbbbad-3439-476c-a8eb-1ef5d3926009.23.png,Macula,0.9999006,1600,1200,1152,672,1408,928
821,821,OD-e5dbbbad-3439-476c-a8eb-1ef5d3926009.24.png,Macula,0.9659016,1600,1200,1216,576,1472,832
822,822,OD-e5dbbbad-3439-476c-a8eb-1ef5d3926009.24.png,OpticDisk,0.99839836,1600,1200,896,576,1024,704
823,823,OD-e5dbbbad-3439-476c-a8eb-1ef5d3926009.27.png,Macula,0.8091957,1600,1200,352,544,608,800
824,824,OD-e5dbbbad-3439-476c-a8eb-1ef5d3926009.28.png,Macula,0.93126625,1600,1200,256,672,512,928
825,825,OD-e5dbbbad-3439-476c-a8eb-1ef5d3926009.3.png,OpticDisk,0.9994929,1600,1200,832,576,1024,768
826,826,OD-e5dbbbad-3439-476c-a8eb-1ef5d3926009.3.png,Macula,0.996482,1600,1200,448,576,704,832
828,828,OD-e5dbbbad-3439-476c-a8eb-1ef5d3926009.30.png,Macula,0.902266,1600,1200,320,704,576,928
829,829,OD-e5dbbbad-3439-476c-a8eb-1ef5d3926009.35.png,Macula,0.9840634,1600,1200,544,832,800,1088
830,830,OD-e5dbbbad-3439-476c-a8eb-1ef5d3926009.36.png,OpticDisk,0.96997267,1600,1200,32,608,224,800
831,831,OD-e5dbbbad-3439-476c-a8eb-1ef5d3926009.37.png,OpticDisk,0.9980439,1600,1200,160,608,288,736
832,832,OD-e5dbbbad-3439-476c-a8eb-1ef5d3926009.37.png,Macula,0.9390106,1600,1200,704,672,960,928
834,834,OD-e5dbbbad-3439-476c-a8eb-1ef5d3926009.5.png,OpticDisk,0.9101451,1600,1200,672,896,864,1088
835,835,OD-e5dbbbad-3439-476c-a8eb-1ef5d3926009.7.png,Macula,0.95898956,1600,1200,704,992,960,1152
836,836,OD-e5dbbbad-3439-476c-a8eb-1ef5d3926009.9.png,Macula,0.99534494,1600,1200,1024,704,1280,960
837,837,OD-e5dbbbad-3439-476c-a8eb-1ef5d3926009.9.png,OpticDisk,0.98409015,1600,1200,1344,800,1536,992
838,838,OD-0140178a-092d-4677-975e-97cf6cc3ab05.11.png,OpticDisk,0.99751616,1600,1200,1312,512,1504,704
839,839,OD-0140178a-092d-4677-975e-97cf6cc3ab05.3.png,OpticDisk,0.9984629,1600,1200,768,480,960,672
840,840,OD-0140178a-092d-4677-975e-97cf6cc3ab05.3.png,Macula,0.8437769,1600,1200,352,512,608,768
841,841,OD-0140178a-092d-4677-975e-97cf6cc3ab05.9.png,OpticDisk,0.9987023,1600,1200,896,288,1024,416
842,842,OD-0140178a-092d-4677-975e-97cf6cc3ab05.18.png,OpticDisk,0.9966863,1600,1200,576,544,704,672
843,843,OD-0140178a-092d-4677-975e-97cf6cc3ab05.19.png,OpticDisk,0.99999154,1600,1200,288,512,448,672
844,844,OD-0140178a-092d-4677-975e-97cf6cc3ab05.25.png,OpticDisk,0.9986681,1600,1200,896,352,1088,544
845,845,OD-0140178a-092d-4677-975e-97cf6cc3ab05.32.png,OpticDisk,0.99999154,1600,1200,512,416,672,576
846,846,OD-0140178a-092d-4677-975e-97cf6cc3ab05.33.png,OpticDisk,0.99993813,1600,1200,288,416,416,576
847,847,OD-0140178a-092d-4677-975e-97cf6cc3ab05.34.png,OpticDisk,0.99944764,1600,1200,64,448,256,640
848,848,OD-1e13f4e6-1cec-4d56-9788-41f493d2af4c.22.png,Macula,0.8996961,1600,1200,992,288,1248,544
849,849,OD-1e13f4e6-1cec-4d56-9788-41f493d2af4c.28.png,Macula,0.9486903,1600,1200,608,928,864,1152
850,850,OD-1e13f4e6-1cec-4d56-9788-41f493d2af4c.7.png,OpticDisk,0.9998348,1600,1200,864,512,1024,640
851,851,OD-1e13f4e6-1cec-4d56-9788-41f493d2af4c.7.png,Macula,0.9352849,1600,1200,320,608,576,864
854,854,OD-1e13f4e6-1cec-4d56-9788-41f493d2af4c.45.png,Macula,0.98883456,1600,1200,448,320,704,576
855,855,OD-1e13f4e6-1cec-4d56-9788-41f493d2af4c.47.png,Macula,0.8070214,1600,1200,384,384,640,640
856,856,OD-1e13f4e6-1cec-4d56-9788-41f493d2af4c.47.png,OpticDisk,0.9514085,1600,1200,32,512,192,672
857,857,OD-c9074125-c28e-4dab-9126-1a76d1948113.2.png,Macula,0.90242064,1600,1200,928,384,1152,608
858,858,OD-c9074125-c28e-4dab-9126-1a76d1948113.2.png,OpticDisk,0.9958538,1600,1200,1376,352,1568,544
859,859,OD-c9074125-c28e-4dab-9126-1a76d1948113.8.png,OpticDisk,0.9871776,1600,1200,736,416,896,576
860,860,OD-c9074125-c28e-4dab-9126-1a76d1948113.23.png,Macula,0.98169965,1600,1200,1152,448,1408,704
861,861,OD-c9074125-c28e-4dab-9126-1a76d1948113.23.png,OpticDisk,0.9988399,1600,1200,736,448,928,640
862,862,OD-c9074125-c28e-4dab-9126-1a76d1948113.27.png,OpticDisk,0.9984931,1600,1200,128,544,320,736
863,863,OD-c9074125-c28e-4dab-9126-1a76d1948113.27.png,Macula,0.99491596,1600,1200,480,512,736,768
864,864,OD-c9074125-c28e-4dab-9126-1a76d1948113.45.png,OpticDisk,0.9991997,1600,1200,832,544,992,704
865,865,OD-a9b7e246-fded-46f3-9dc2-4e47b8b200d2.1.png,OpticDisk,0.99453235,1600,1200,1408,448,1568,608
866,866,OD-a9b7e246-fded-46f3-9dc2-4e47b8b200d2.34.png,OpticDisk,0.9987962,1600,1200,640,416,800,576
867,867,OD-a9b7e246-fded-46f3-9dc2-4e47b8b200d2.34.png,Macula,0.87071145,1600,1200,0,416,224,640
868,868,OD-a9b7e246-fded-46f3-9dc2-4e47b8b200d2.35.png,OpticDisk,0.98202914,1600,1200,64,480,256,672
869,869,OD-a9b7e246-fded-46f3-9dc2-4e47b8b200d2.37.png,OpticDisk,0.9918662,1600,1200,32,544,224,736
870,870,OD-a9b7e246-fded-46f3-9dc2-4e47b8b200d2.37.png,Macula,0.98546356,1600,1200,448,512,704,768
871,871,OD-e027ffda-fd5b-4907-af8f-1f25e8cbb6c0.2.png,OpticDisk,0.99923027,1600,1200,864,416,1056,608
872,872,OD-e027ffda-fd5b-4907-af8f-1f25e8cbb6c0.2.png,Macula,0.9314458,1600,1200,480,448,736,704
873,873,OD-e027ffda-fd5b-4907-af8f-1f25e8cbb6c0.22.png,OpticDisk,0.9297192,1600,1200,1376,384,1568,576
874,874,OD-e027ffda-fd5b-4907-af8f-1f25e8cbb6c0.29.png,Macula,0.99936,1600,1200,384,288,640,544
875,875,OD-e027ffda-fd5b-4907-af8f-1f25e8cbb6c0.29.png,OpticDisk,0.98586845,1600,1200,32,352,224,544
876,876,OD-e027ffda-fd5b-4907-af8f-1f25e8cbb6c0.48.png,OpticDisk,0.9946549,1600,1200,32,448,224,640
877,877,OD-e027ffda-fd5b-4907-af8f-1f25e8cbb6c0.48.png,Macula,0.90869087,1600,1200,256,256,512,512
878,878,OD-47b1028d-62f9-488e-a811-8553b37fa104.21.png,OpticDisk,0.9978771,1600,1200,1408,448,1568,640
879,879,OD-47b1028d-62f9-488e-a811-8553b37fa104.4.png,OpticDisk,0.98263204,1600,1200,1376,416,1568,608
880,880,OD-47b1028d-62f9-488e-a811-8553b37fa104.24.png,OpticDisk,0.9999261,1600,1200,32,480,192,672
881,881,OD-47b1028d-62f9-488e-a811-8553b37fa104.40.png,OpticDisk,0.99192643,1600,1200,608,576,832,800
882,882,OD-47b1028d-62f9-488e-a811-8553b37fa104.40.png,Macula,0.8330351,1600,1200,992,640,1248,896
883,883,OD-1e9c6d44-197a-4a20-be5f-436ce2d52b36.1.png,OpticDisk,0.9973001,1600,1200,640,480,800,640
884,884,OD-1e9c6d44-197a-4a20-be5f-436ce2d52b36.3.png,Macula,0.9716736,1600,1200,1024,544,1280,800
885,885,OD-1e9c6d44-197a-4a20-be5f-436ce2d52b36.19.png,OpticDisk,0.9622485,1600,1200,32,544,224,736
886,886,OD-1e9c6d44-197a-4a20-be5f-436ce2d52b36.19.png,Macula,0.9597731,1600,1200,416,448,672,704
887,887,OD-ba988a57-af4e-4569-b14e-8ae9e871f902.19.png,Macula,0.8823743,1600,1200,0,320,224,544
888,888,OD-ba988a57-af4e-4569-b14e-8ae9e871f902.19.png,OpticDisk,0.9999137,1600,1200,704,160,896,352
889,889,OD-ba988a57-af4e-4569-b14e-8ae9e871f902.23.png,Macula,0.9903087,1600,1200,896,448,1152,704
890,890,OD-ba988a57-af4e-4569-b14e-8ae9e871f902.23.png,OpticDisk,0.99162626,1600,1200,1408,480,1568,640
891,891,OD-ba988a57-af4e-4569-b14e-8ae9e871f902.9.png,Macula,0.990391,1600,1200,352,576,640,864
892,892,OD-ba988a57-af4e-4569-b14e-8ae9e871f902.9.png,OpticDisk,0.9978381,1600,1200,800,608,960,768
893,893,OD-ba988a57-af4e-4569-b14e-8ae9e871f902.34.png,OpticDisk,0.96375895,1600,1200,32,544,160,704
894,894,OD-ba988a57-af4e-4569-b14e-8ae9e871f902.34.png,Macula,0.8240248,1600,1200,608,608,864,864
895,895,OD-ba988a57-af4e-4569-b14e-8ae9e871f902.42.png,OpticDisk,0.9998485,1600,1200,864,512,1024,672
896,896,OD-ba988a57-af4e-4569-b14e-8ae9e871f902.46.png,OpticDisk,0.99988997,1600,1200,768,608,928,736
897,897,OD-ba988a57-af4e-4569-b14e-8ae9e871f902.48.png,OpticDisk,0.9914613,1600,1200,800,192,928,288
898,898,OD-ba988a57-af4e-4569-b14e-8ae9e871f902.51.png,OpticDisk,0.9998246,1600,1200,64,448,256,640
899,899,OD-ba988a57-af4e-4569-b14e-8ae9e871f902.51.png,Macula,0.94268566,1600,1200,480,480,736,736
900,900,OD-ba988a57-af4e-4569-b14e-8ae9e871f902.52.png,OpticDisk,0.84301156,1600,1200,0,448,160,608
901,901,OD-9d3ba28b-c8d0-4845-bf9a-4303b622d9a8.10.png,Macula,0.89999974,1600,1200,928,448,1184,704
902,902,OD-9d3ba28b-c8d0-4845-bf9a-4303b622d9a8.10.png,OpticDisk,0.9872569,1600,1200,1376,416,1536,576
903,903,OD-9d3ba28b-c8d0-4845-bf9a-4303b622d9a8.2.png,Macula,0.9986539,1600,1200,960,448,1248,704
904,904,OD-9d3ba28b-c8d0-4845-bf9a-4303b622d9a8.25.png,OpticDisk,0.9999677,1600,1200,704,448,864,576
905,905,OD-9d3ba28b-c8d0-4845-bf9a-4303b622d9a8.26.png,OpticDisk,0.99975723,1600,1200,96,480,224,640
906,906,OD-9d3ba28b-c8d0-4845-bf9a-4303b622d9a8.48.png,OpticDisk,0.9923265,1600,1200,0,480,160,672
907,907,OD-50b23283-8f95-4316-b25d-dcc3ee9653a9.23.png,Macula,0.9892287,1600,1200,1056,480,1312,736
908,908,OD-50b23283-8f95-4316-b25d-dcc3ee9653a9.23.png,OpticDisk,0.96041054,1600,1200,1376,416,1568,608
909,909,OD-50b23283-8f95-4316-b25d-dcc3ee9653a9.26.png,OpticDisk,0.99998856,1600,1200,1376,384,1568,576
910,910,OD-50b23283-8f95-4316-b25d-dcc3ee9653a9.26.png,Macula,0.8057359,1600,1200,1024,416,1280,672
911,911,OD-50b23283-8f95-4316-b25d-dcc3ee9653a9.40.png,Macula,0.99236345,1600,1200,512,448,768,704
912,912,OD-50b23283-8f95-4316-b25d-dcc3ee9653a9.40.png,OpticDisk,0.989394,1600,1200,128,416,320,608
913,913,OD-50b23283-8f95-4316-b25d-dcc3ee9653a9.41.png,OpticDisk,0.9998294,1600,1200,224,256,384,416
914,914,OD-50b23283-8f95-4316-b25d-dcc3ee9653a9.41.png,Macula,0.9984987,1600,1200,544,288,800,544
915,915,OD-50b23283-8f95-4316-b25d-dcc3ee9653a9.47.png,OpticDisk,0.9612644,1600,1200,64,544,256,736
916,916,OD-50b23283-8f95-4316-b25d-dcc3ee9653a9.47.png,Macula,0.99015874,1600,1200,512,544,768,800
917,917,OD-50b23283-8f95-4316-b25d-dcc3ee9653a9.50.png,Macula,0.99865365,1600,1200,1120,416,1376,672
918,918,OD-50b23283-8f95-4316-b25d-dcc3ee9653a9.50.png,OpticDisk,0.9981026,1600,1200,704,384,864,544
919,919,OD-50b23283-8f95-4316-b25d-dcc3ee9653a9.52.png,OpticDisk,0.9941386,1600,1200,32,576,224,768
920,920,OD-50b23283-8f95-4316-b25d-dcc3ee9653a9.52.png,Macula,0.9294475,1600,1200,448,512,704,768
921,921,OD-f6bd5959-7b6f-40cb-83e4-22640852beef.1.png,OpticDisk,0.9995221,1600,1200,896,608,1056,768
922,922,OD-f6bd5959-7b6f-40cb-83e4-22640852beef.1.png,Macula,0.96426666,1600,1200,352,576,608,832
923,923,OD-f6bd5959-7b6f-40cb-83e4-22640852beef.28.png,OpticDisk,0.998719,1600,1200,672,512,832,704
925,925,OD-f6bd5959-7b6f-40cb-83e4-22640852beef.4.png,OpticDisk,0.94261765,1600,1200,1344,544,1536,768
926,926,OD-f6bd5959-7b6f-40cb-83e4-22640852beef.33.png,OpticDisk,0.97755206,1600,1200,64,480,256,672
927,927,OD-f6bd5959-7b6f-40cb-83e4-22640852beef.33.png,Macula,0.96077377,1600,1200,416,512,672,768
928,928,OD-f6bd5959-7b6f-40cb-83e4-22640852beef.41.png,OpticDisk,0.9680902,1600,1200,128,320,320,512
929,929,OD-f6bd5959-7b6f-40cb-83e4-22640852beef.53.png,OpticDisk,0.86437863,1600,1200,256,160,448,352
930,930,OD-575901e5-9d93-492a-8b72-e4e3b3660745.1.png,OpticDisk,0.99977356,1600,1200,704,480,864,640
931,931,OD-575901e5-9d93-492a-8b72-e4e3b3660745.1.png,Macula,0.8292493,1600,1200,256,448,512,704
932,932,OD-575901e5-9d93-492a-8b72-e4e3b3660745.11.png,OpticDisk,0.9164817,1600,1200,1376,480,1568,672
933,933,OD-575901e5-9d93-492a-8b72-e4e3b3660745.11.png,Macula,0.85481507,1600,1200,864,448,1120,704
934,934,OD-575901e5-9d93-492a-8b72-e4e3b3660745.2.png,OpticDisk,0.99951434,1600,1200,864,448,1024,608
935,935,OD-575901e5-9d93-492a-8b72-e4e3b3660745.2.png,Macula,0.9721111,1600,1200,480,416,736,672
936,936,OD-575901e5-9d93-492a-8b72-e4e3b3660745.9.png,Macula,0.929302,1600,1200,672,32,928,288
937,937,OD-575901e5-9d93-492a-8b72-e4e3b3660745.9.png,OpticDisk,0.8630793,1600,1200,1184,192,1376,384
938,938,OD-3eeef9ad-d011-4491-8d8a-3adba4ed6453.1.png,OpticDisk,0.99928814,1600,1200,640,576,800,736
939,939,OD-3eeef9ad-d011-4491-8d8a-3adba4ed6453.1.png,Macula,0.9589953,1600,1200,160,576,416,832
940,940,OD-3eeef9ad-d011-4491-8d8a-3adba4ed6453.2.png,OpticDisk,0.9994968,1600,1200,480,544,640,704
941,941,OD-242c8ecf-d197-4c5a-b1d9-2806cb6dbbcc.48.png,OpticDisk,0.9999937,1600,1200,832,480,992,640
942,942,OD-242c8ecf-d197-4c5a-b1d9-2806cb6dbbcc.49.png,Macula,0.8652244,1600,1200,416,256,672,512
944,944,OD-242c8ecf-d197-4c5a-b1d9-2806cb6dbbcc.18.png,OpticDisk,0.99639314,1600,1200,32,640,192,800
945,945,OD-242c8ecf-d197-4c5a-b1d9-2806cb6dbbcc.42.png,OpticDisk,0.9989171,1600,1200,640,480,800,640
946,946,OD-242c8ecf-d197-4c5a-b1d9-2806cb6dbbcc.44.png,OpticDisk,0.9988053,1600,1200,64,640,192,768
947,947,OD-3d02a155-440a-4e0c-afab-2f5a3b7063aa.1.png,OpticDisk,0.99910635,1600,1200,672,544,864,736
948,948,OD-3d02a155-440a-4e0c-afab-2f5a3b7063aa.11.png,OpticDisk,0.99799323,1600,1200,1280,288,1504,512
949,949,OD-3d02a155-440a-4e0c-afab-2f5a3b7063aa.11.png,Macula,0.9245613,1600,1200,832,384,1088,640
950,950,OD-3d02a155-440a-4e0c-afab-2f5a3b7063aa.14.png,OpticDisk,0.9957086,1600,1200,1408,448,1568,640
951,951,OD-3d02a155-440a-4e0c-afab-2f5a3b7063aa.14.png,Macula,0.91324604,1600,1200,992,576,1248,832
952,952,OD-3d02a155-440a-4e0c-afab-2f5a3b7063aa.21.png,Macula,0.97707045,1600,1200,928,448,1184,704
953,953,OD-3d02a155-440a-4e0c-afab-2f5a3b7063aa.21.png,OpticDisk,0.81969905,1600,1200,1376,320,1568,512
954,954,OD-3d02a155-440a-4e0c-afab-2f5a3b7063aa.35.png,OpticDisk,0.9997098,1600,1200,640,512,832,672
955,955,OD-3d02a155-440a-4e0c-afab-2f5a3b7063aa.35.png,Macula,0.88355666,1600,1200,1024,416,1280,672
956,956,OD-3d02a155-440a-4e0c-afab-2f5a3b7063aa.43.png,Macula,0.9878336,1600,1200,416,544,672,800
957,957,OD-3d02a155-440a-4e0c-afab-2f5a3b7063aa.43.png,OpticDisk,0.98896796,1600,1200,32,544,192,704
958,958,OD-3d02a155-440a-4e0c-afab-2f5a3b7063aa.53.png,Macula,0.8712666,1600,1200,320,512,576,768
959,959,OD-3d02a155-440a-4e0c-afab-2f5a3b7063aa.58.png,Macula,0.9701967,1600,1200,416,512,672,768
963,963,OD-3d02a155-440a-4e0c-afab-2f5a3b7063aa.58.png,OpticDisk,0.99664503,1600,1200,64,640,224,800
964,964,OD-e84321b8-692b-4e2a-b1d6-cad186c65d10.11.png,OpticDisk,0.9997619,1600,1200,1088,512,1280,704
965,965,OD-e84321b8-692b-4e2a-b1d6-cad186c65d10.11.png,Macula,0.97560275,1600,1200,704,512,960,768
966,966,OD-e84321b8-692b-4e2a-b1d6-cad186c65d10.2.png,OpticDisk,0.9993812,1600,1200,992,384,1120,512
967,967,OD-e84321b8-692b-4e2a-b1d6-cad186c65d10.3.png,Macula,0.96648115,1600,1200,1024,672,1280,928
968,968,OD-e84321b8-692b-4e2a-b1d6-cad186c65d10.3.png,OpticDisk,0.9942766,1600,1200,1376,640,1568,832
969,969,OD-e84321b8-692b-4e2a-b1d6-cad186c65d10.23.png,OpticDisk,0.99889636,1600,1200,128,480,320,672
970,970,OD-e84321b8-692b-4e2a-b1d6-cad186c65d10.23.png,Macula,0.86356676,1600,1200,448,416,704,672
971,971,OD-e84321b8-692b-4e2a-b1d6-cad186c65d10.38.png,OpticDisk,0.9995846,1600,1200,896,480,1056,640
972,972,OD-4b8d36a9-764c-4b4b-9ad1-680169cc3662.1.png,OpticDisk,0.99985313,1600,1200,704,448,896,640
973,973,OD-4b8d36a9-764c-4b4b-9ad1-680169cc3662.1.png,Macula,0.98956645,1600,1200,992,416,1248,672
974,974,OD-4b8d36a9-764c-4b4b-9ad1-680169cc3662.32.png,Macula,0.98299706,1600,1200,960,448,1216,704
975,975,OD-4b8d36a9-764c-4b4b-9ad1-680169cc3662.32.png,OpticDisk,0.99990773,1600,1200,1344,416,1536,608
976,976,OD-4b8d36a9-764c-4b4b-9ad1-680169cc3662.3.png,OpticDisk,0.9995654,1600,1200,64,448,192,608
977,977,OD-4b8d36a9-764c-4b4b-9ad1-680169cc3662.3.png,Macula,0.99743974,1600,1200,416,480,672,736
978,978,OD-292c57af-2ada-4e60-8bf6-b3d5f079af52.42.png,OpticDisk,0.9947524,1600,1200,1408,480,1568,640
979,979,OD-292c57af-2ada-4e60-8bf6-b3d5f079af52.42.png,Macula,0.9613479,1600,1200,864,416,1120,672
981,981,OD-292c57af-2ada-4e60-8bf6-b3d5f079af52.44.png,OpticDisk,0.999445,1600,1200,1408,512,1568,672
983,983,OD-292c57af-2ada-4e60-8bf6-b3d5f079af52.50.png,OpticDisk,0.99964833,1600,1200,768,448,896,576
985,985,OD-292c57af-2ada-4e60-8bf6-b3d5f079af52.80.png,Macula,0.9469282,1600,1200,416,576,672,832
986,986,OD-292c57af-2ada-4e60-8bf6-b3d5f079af52.80.png,OpticDisk,0.99998605,1600,1200,64,544,224,704
987,987,OD-d6fea6a9-6568-423f-8db5-630a74b5fd4a.4.png,Macula,0.90538603,1600,1200,1024,448,1280,704
989,989,OD-d6fea6a9-6568-423f-8db5-630a74b5fd4a.25.png,Macula,0.9945234,1600,1200,544,608,800,864
990,990,OD-85bfbbee-e362-412b-99e0-87353e71a95b.1.png,OpticDisk,0.99938905,1600,1200,736,416,928,608
991,991,OD-85bfbbee-e362-412b-99e0-87353e71a95b.1.png,Macula,0.98954916,1600,1200,288,384,544,640
993,993,OD-85bfbbee-e362-412b-99e0-87353e71a95b.29.png,OpticDisk,0.9996321,1600,1200,1408,448,1568,608
994,994,OD-85bfbbee-e362-412b-99e0-87353e71a95b.29.png,Macula,0.93977004,1600,1200,928,480,1184,736
995,995,OD-85bfbbee-e362-412b-99e0-87353e71a95b.3.png,OpticDisk,0.99976736,1600,1200,1280,544,1440,704
996,996,OD-85bfbbee-e362-412b-99e0-87353e71a95b.51.png,OpticDisk,0.99798214,1600,1200,128,544,288,704
997,997,OD-85bfbbee-e362-412b-99e0-87353e71a95b.51.png,Macula,0.90806997,1600,1200,480,480,736,736
998,998,OD-d9a8c29b-c2fc-4da3-afb3-350de17a5c8d.1.png,Macula,0.9869175,1600,1200,192,448,448,704
999,999,OD-d9a8c29b-c2fc-4da3-afb3-350de17a5c8d.1.png,OpticDisk,0.9994199,1600,1200,608,448,800,640
1000,1000,OD-d9a8c29b-c2fc-4da3-afb3-350de17a5c8d.18.png,Macula,0.9467334,1600,1200,992,416,1248,672
1001,1001,OD-d9a8c29b-c2fc-4da3-afb3-350de17a5c8d.5.png,Macula,0.97984844,1600,1200,800,544,1056,800
1002,1002,OD-d9a8c29b-c2fc-4da3-afb3-350de17a5c8d.62.png,OpticDisk,0.9994875,1600,1200,64,544,224,704
1003,1003,OD-d9a8c29b-c2fc-4da3-afb3-350de17a5c8d.62.png,Macula,0.9887466,1600,1200,416,480,672,736
1004,1004,OD-e2feade2-24aa-4f08-956f-4b925cf191dc.21.png,OpticDisk,0.9999924,1600,1200,672,448,864,640
1005,1005,OD-e2feade2-24aa-4f08-956f-4b925cf191dc.21.png,Macula,0.82623255,1600,1200,32,416,288,672
1006,1006,OD-e2feade2-24aa-4f08-956f-4b925cf191dc.26.png,Macula,0.9881082,1600,1200,704,0,960,224
1007,1007,OD-e2feade2-24aa-4f08-956f-4b925cf191dc.4.png,OpticDisk,0.9902294,1600,1200,1408,480,1568,640
1008,1008,OD-e2feade2-24aa-4f08-956f-4b925cf191dc.9.png,OpticDisk,0.9999385,1600,1200,1376,512,1568,704
1009,1009,OD-e2feade2-24aa-4f08-956f-4b925cf191dc.9.png,Macula,0.8056905,1600,1200,896,448,1152,704
1010,1010,OD-e2feade2-24aa-4f08-956f-4b925cf191dc.40.png,OpticDisk,0.85449123,1600,1200,32,480,192,672
1011,1011,OD-394126c2-8398-4b60-834b-62b4221c9b1d.2.png,Macula,0.9999063,1600,1200,288,576,544,832
1012,1012,OD-394126c2-8398-4b60-834b-62b4221c9b1d.2.png,OpticDisk,0.99421084,1600,1200,736,544,896,704
1014,1014,OD-394126c2-8398-4b60-834b-62b4221c9b1d.40.png,Macula,0.858875,1600,1200,608,544,864,800
1016,1016,OD-394126c2-8398-4b60-834b-62b4221c9b1d.40.png,OpticDisk,0.9998945,1600,1200,32,480,192,640
1017,1017,OD-394126c2-8398-4b60-834b-62b4221c9b1d.44.png,OpticDisk,0.99947244,1600,1200,608,448,768,608
1018,1018,OD-60d42386-653b-4f59-914a-bd43c4b6319f.3.png,Macula,0.9853924,1600,1200,928,448,1184,704
1019,1019,OD-60d42386-653b-4f59-914a-bd43c4b6319f.3.png,OpticDisk,0.9797931,1600,1200,1376,416,1568,608
1020,1020,OD-60d42386-653b-4f59-914a-bd43c4b6319f.39.png,Macula,0.8421431,1600,1200,992,544,1248,768
1022,1022,OD-60d42386-653b-4f59-914a-bd43c4b6319f.40.png,Macula,0.9566551,1600,1200,992,416,1184,576
1024,1024,OD-60d42386-653b-4f59-914a-bd43c4b6319f.40.png,OpticDisk,0.9820447,1600,1200,1440,512,1568,672
1025,1025,OD-60d42386-653b-4f59-914a-bd43c4b6319f.48.png,Macula,0.9035034,1600,1200,1088,352,1312,576
1026,1026,OD-60d42386-653b-4f59-914a-bd43c4b6319f.48.png,OpticDisk,0.998838,1600,1200,768,416,896,576
1027,1027,OD-60d42386-653b-4f59-914a-bd43c4b6319f.49.png,Macula,0.9995834,1600,1200,352,416,608,672
1028,1028,OD-60d42386-653b-4f59-914a-bd43c4b6319f.49.png,OpticDisk,0.9996958,1600,1200,64,448,224,608
1029,1029,OD-60d42386-653b-4f59-914a-bd43c4b6319f.50.png,Macula,0.92599225,1600,1200,320,512,576,736
1030,1030,OD-60d42386-653b-4f59-914a-bd43c4b6319f.50.png,OpticDisk,0.9998124,1600,1200,32,544,192,704
1031,1031,OD-4b5a5cef-3da9-470b-a041-89c01ea1b820.jpg,OpticDisk,0.99648017,1440,1080,662,316,835,489
1032,1032,OD-ba667b8e-512b-4176-9b0c-fe519f1ced19.jpg,OpticDisk,0.97225285,1440,1080,1123,316,1267,489
1033,1033,OD-84d4f108-3f2e-475e-893d-7acc66fdaa1d.jpg,OpticDisk,0.98755693,1440,1080,604,0,777,143
1035,1035,OD-9f2f00d0-03b7-483c-902f-2796ec2b584a.jpg,OpticDisk,0.9561364,1440,1080,115,489,287,662
1036,1036,OD-9f2f00d0-03b7-483c-902f-2796ec2b584a.jpg,Macula,0.8041746,1440,1080,518,316,748,547
1037,1037,OD-fb8d336b-ecd8-4428-a72f-d25178765424.jpg,Macula,0.9823088,1440,1080,950,259,1180,489
1038,1038,OD-fb8d336b-ecd8-4428-a72f-d25178765424.jpg,OpticDisk,0.99970835,1440,1080,719,374,892,547
1039,1039,OD-00a03008-a7ab-47c7-99c9-d726556197bf.jpg,OpticDisk,0.98081857,1440,1080,604,403,777,575
1040,1040,OD-1d65aebf-1f1d-4384-881e-3393b9019482.jpg,Macula,0.81898844,1440,1080,518,287,748,518
1041,1041,OD-4f219694-2ab5-4bd5-9323-e9bda2c311a7.jpg,OpticDisk,0.99957377,1440,1080,748,374,892,518
1042,1042,OD-a6b501e7-4404-4166-9c14-6346d5f1a1e2.jpg,OpticDisk,0.9990497,1440,1080,691,287,863,460
1043,1043,OD-a6b501e7-4404-4166-9c14-6346d5f1a1e2.jpg,Macula,0.93937004,1440,1080,979,316,1209,547
1044,1044,OD-fc6adc7f-6c60-4ede-987b-5b785633d4af.jpg,Macula,0.95890254,1440,1080,374,316,604,547
1045,1045,OD-575a5738-b7d7-4e08-a316-d4827f23c035.38.png,OpticDisk,0.999321,1600,1200,96,448,256,608
1046,1046,OD-575a5738-b7d7-4e08-a316-d4827f23c035.38.png,Macula,0.9806892,1600,1200,384,352,640,608
1047,1047,OD-575a5738-b7d7-4e08-a316-d4827f23c035.4.png,OpticDisk,0.99917275,1600,1200,1376,448,1536,640
1048,1048,OD-575a5738-b7d7-4e08-a316-d4827f23c035.4.png,Macula,0.9821927,1600,1200,960,352,1216,608
1049,1049,OD-575a5738-b7d7-4e08-a316-d4827f23c035.5.png,Macula,0.9988079,1600,1200,1024,352,1280,608
1050,1050,OD-575a5738-b7d7-4e08-a316-d4827f23c035.36.png,OpticDisk,0.9999621,1600,1200,768,384,960,576
1051,1051,OD-575a5738-b7d7-4e08-a316-d4827f23c035.36.png,Macula,0.9965976,1600,1200,1088,320,1344,576
1052,1052,OD-575a5738-b7d7-4e08-a316-d4827f23c035.37.png,OpticDisk,0.99785066,1600,1200,32,480,192,672
1054,1054,OD-b7638a7f-4fd9-4f53-9f8d-ec71579f68ec.1.png,Macula,0.9769965,1600,1200,288,640,544,896
1055,1055,OD-b7638a7f-4fd9-4f53-9f8d-ec71579f68ec.1.png,OpticDisk,0.99905807,1600,1200,704,576,864,736
1056,1056,OD-b7638a7f-4fd9-4f53-9f8d-ec71579f68ec.3.png,Macula,0.90001273,1600,1200,960,448,1216,704
1057,1057,OD-b7638a7f-4fd9-4f53-9f8d-ec71579f68ec.31.png,OpticDisk,0.99483854,1600,1200,32,512,224,704
1058,1058,OD-b7638a7f-4fd9-4f53-9f8d-ec71579f68ec.31.png,Macula,0.96610296,1600,1200,672,512,928,768
1060,1060,OD-b7638a7f-4fd9-4f53-9f8d-ec71579f68ec.42.png,Macula,0.96384853,1600,1200,640,480,896,736
1061,1061,OD-b7638a7f-4fd9-4f53-9f8d-ec71579f68ec.44.png,OpticDisk,0.99989164,1600,1200,704,544,864,704
1062,1062,OD-b7638a7f-4fd9-4f53-9f8d-ec71579f68ec.45.png,OpticDisk,0.99864477,1600,1200,480,544,640,704
1063,1063,OD-b7638a7f-4fd9-4f53-9f8d-ec71579f68ec.45.png,Macula,0.82978535,1600,1200,1120,512,1376,768
1064,1064,OD-60dd58b1-2112-42c2-b901-15e8b50a65c1.1.jpg,Macula,0.97816706,1600,1200,256,448,512,704
1066,1066,OD-60dd58b1-2112-42c2-b901-15e8b50a65c1.1.jpg,OpticDisk,0.9993005,1600,1200,640,480,800,640
1067,1067,OD-60dd58b1-2112-42c2-b901-15e8b50a65c1.2.jpg,OpticDisk,0.9968748,1600,1200,1376,416,1568,608
1068,1068,OD-60dd58b1-2112-42c2-b901-15e8b50a65c1.2.png,OpticDisk,0.99693537,1600,1200,1376,416,1568,608
1069,1069,OD-60dd58b1-2112-42c2-b901-15e8b50a65c1.10.png,OpticDisk,0.99995947,1600,1200,192,544,384,736
1070,1070,OD-60dd58b1-2112-42c2-b901-15e8b50a65c1.9.png,OpticDisk,0.9999895,1600,1200,704,608,864,768
1071,1071,OD-60dd58b1-2112-42c2-b901-15e8b50a65c1.9.png,Macula,0.9614885,1600,1200,1120,512,1376,768
1072,1072,OD-3371e3c9-5d65-4af8-a78a-31d198e981a4.39.png,Macula,0.918025,1600,1200,1088,608,1344,864
1073,1073,OD-3371e3c9-5d65-4af8-a78a-31d198e981a4.40.png,Macula,0.95863396,1600,1200,1088,480,1344,736
1075,1075,OD-3371e3c9-5d65-4af8-a78a-31d198e981a4.44.png,OpticDisk,0.99563134,1600,1200,832,0,992,128
1076,1076,OD-3371e3c9-5d65-4af8-a78a-31d198e981a4.44.png,Macula,0.96777344,1600,1200,384,64,640,320
1077,1077,OD-3371e3c9-5d65-4af8-a78a-31d198e981a4.47.png,Macula,0.97097504,1600,1200,192,160,448,416
1078,1078,OD-3371e3c9-5d65-4af8-a78a-31d198e981a4.47.png,OpticDisk,0.9999558,1600,1200,608,128,768,288
1079,1079,OD-3371e3c9-5d65-4af8-a78a-31d198e981a4.51.png,Macula,0.97860795,1600,1200,864,480,1120,736
1080,1080,OD-3371e3c9-5d65-4af8-a78a-31d198e981a4.14.png,Macula,0.972593,1600,1200,416,640,672,896
1081,1081,OD-3371e3c9-5d65-4af8-a78a-31d198e981a4.14.png,OpticDisk,0.97019035,1600,1200,32,640,192,800
1082,1082,OD-3371e3c9-5d65-4af8-a78a-31d198e981a4.32.png,OpticDisk,0.9992843,1600,1200,384,640,544,768
1083,1083,OD-3371e3c9-5d65-4af8-a78a-31d198e981a4.32.png,Macula,0.97010124,1600,1200,768,512,1024,768
1085,1085,OD-4f376ed1-bca6-41b4-a013-b5a970f86d48.jpg,Macula,0.80419147,1440,1080,115,431,345,662
1086,1086,OD-4f376ed1-bca6-41b4-a013-b5a970f86d48.jpg,OpticDisk,0.999648,1440,1080,604,403,748,547
1087,1087,OD-6651ad31-47f8-4865-9485-a99ed698e556.jpg,Macula,0.89153564,1440,1080,374,316,604,547
1088,1088,OD-6651ad31-47f8-4865-9485-a99ed698e556.jpg,OpticDisk,0.8157957,1440,1080,1123,431,1267,604
1089,1089,OD-2f0f3a5a-6f48-478d-ba43-1ba416a17b88.jpg,OpticDisk,0.996445,1440,1080,143,374,316,547
1090,1090,OD-2f0f3a5a-6f48-478d-ba43-1ba416a17b88.jpg,Macula,0.98417306,1440,1080,460,403,691,633
1092,1092,OD-1a9007f4-2498-438e-b2c3-9d641b8a3c90.1.jpg,Macula,0.9921589,1600,1200,320,416,576,672
1093,1093,OD-1a9007f4-2498-438e-b2c3-9d641b8a3c90.1.jpg,OpticDisk,0.999977,1600,1200,736,416,928,608
1095,1095,OD-1a9007f4-2498-438e-b2c3-9d641b8a3c90.2.jpg,Macula,0.95930666,1600,1200,896,416,1152,672
1096,1096,OD-1a9007f4-2498-438e-b2c3-9d641b8a3c90.2.jpg,OpticDisk,0.98422444,1600,1200,1344,448,1536,640
1097,1097,OD-1a9007f4-2498-438e-b2c3-9d641b8a3c90.21.png,OpticDisk,0.9993813,1600,1200,768,480,928,640
1098,1098,OD-1a9007f4-2498-438e-b2c3-9d641b8a3c90.22.png,OpticDisk,0.9999188,1600,1200,96,480,288,672
1100,1100,OD-1a9007f4-2498-438e-b2c3-9d641b8a3c90.24.jpg,Macula,0.9821867,1600,1200,256,608,512,864
1101,1101,OD-d931c660-7e29-4f47-a529-d69453172576.1.png,OpticDisk,0.99992466,1600,1200,608,544,800,736
1102,1102,OD-d931c660-7e29-4f47-a529-d69453172576.31.png,Macula,0.9883879,1600,1200,992,576,1248,832
1103,1103,OD-d931c660-7e29-4f47-a529-d69453172576.49.png,Macula,0.99362624,1600,1200,960,448,1408,704
1104,1104,OD-d931c660-7e29-4f47-a529-d69453172576.49.png,OpticDisk,0.9998037,1600,1200,672,512,832,672
1105,1105,OD-d931c660-7e29-4f47-a529-d69453172576.50.png,OpticDisk,0.99982125,1600,1200,448,576,608,736
1106,1106,OD-d931c660-7e29-4f47-a529-d69453172576.50.png,Macula,0.98248094,1600,1200,768,512,1248,768
1107,1107,OD-d931c660-7e29-4f47-a529-d69453172576.52.png,Macula,0.9892783,1600,1200,480,544,736,800
1108,1108,OD-d931c660-7e29-4f47-a529-d69453172576.71.jpg,OpticDisk,0.989061,1600,1200,768,0,928,160
1109,1109,OD-0cc838f9-e6da-4e0a-8250-cece82c4fe3c.jpg,OpticDisk,0.9963928,1440,1080,1123,403,1295,575
1110,1110,OD-1d60f4e5-292c-401a-a4d3-a8a831323aec.jpg,OpticDisk,0.80223155,1440,1080,662,316,863,518
1111,1111,OD-37da0ec7-b46e-4fe9-bf11-8ece2ca46525.jpg,OpticDisk,0.9996499,1440,1080,1123,403,1267,547
1112,1112,OD-4f62e44b-d594-4b26-aeaf-f3d1407196c3.jpg,OpticDisk,0.9992023,1440,1080,1094,489,1267,662
1113,1113,OD-ea6f9550-6eaa-48bf-a505-a9522a2f3671.jpg,OpticDisk,0.9871076,1440,1080,1151,374,1295,547
1114,1114,OD-098c9be6-a482-4943-820d-37f6ae3d1cbb.jpg,Macula,0.9832281,1440,1080,259,489,489,719
1116,1116,OD-45390171-7b8d-4ce4-9dae-55462d7405de.jpg,OpticDisk,0.88060004,1440,1080,431,835,604,1007
1117,1117,OD-5fb83c38-0ccc-46c0-b185-3142d28f53d9.jpg,OpticDisk,0.9863376,1440,1080,403,835,575,979
